666
10 22
4 11
9 16
21 21
20 13
14 8
12 12
29 3
5 10
16 16
10 12
26 22
22 15
18 12
23 9
3 20
3 8
10 10
12 20
1 21
8 3
6 17
13 4
27 11
29 22
18 9
19 18
8 6
4 12
2 12
14 5
6 12
26 19
30 13
30 20
30 17
25 11
9 3
20 11
6 19
30 9
24 10
27 3
13 18
4 22
12 4
27 10
18 7
5 22
6 15
29 18
14 16
1 12
20 21
12 17
29 12
7 21
18 14
12 11
21 21
12 3
13 10
6 18
18 10
2 22
1 20
15 7
26 3
20 20
27 5
4 11
15 18
24 18
24 22
13 11
19 21
28 8
22 13
10 18
5 3
11 13
30 19
27 18
27 21
9 22
4 10
4 22
24 13
12 10
8 20
10 8
23 20
29 10
18 11
16 4
26 3
24 4
9 13
24 21
16 12
15 22
12 5
28 6
14 16
19 9
4 10
3 5
23 9
22 9
15 10
28 14
20 8
4 14
5 20
11 14
27 19
25 13
21 8
8 16
22 6
18 15
19 18
25 8
10 13
18 13
28 8
6 22
15 16
26 10
22 13
4 10
9 20
17 7
15 16
6 4
7 19
15 9
13 3
20 3
29 3
16 3
30 3
13 10
13 21
10 13
16 7
7 19
25 16
29 20
23 8
4 19
25 13
2 12
26 4
12 15
8 21
18 22
23 10
14 8
23 10
17 18
29 3
23 7
14 9
14 21
27 14
14 9
2 11
13 11
28 21
21 5
25 18
24 16
23 4
19 21
9 19
7 3
15 15
21 12
17 16
23 10
7 6
11 6
8 13
8 6
26 20
19 18
18 11
24 4
25 4
28 14
8 10
15 13
29 17
8 16
4 17
19 8
4 6
7 17
3 11
25 5
3 21
27 4
11 7
20 22
26 10
23 18
18 3
29 10
12 5
15 12
19 22
28 17
8 10
23 6
3 22
10 20
3 15
6 15
27 7
6 8
6 4
22 13
30 21
26 20
30 8
28 7
27 22
30 15
17 21
11 5
22 11
11 11
12 9
19 20
14 14
19 20
19 6
28 4
14 19
12 16
22 5
15 18
6 4
12 18
22 16
23 19
20 22
15 17
9 21
21 21
3 13
4 10
4 21
29 22
18 17
15 22
18 6
3 11
5 3
21 21
20 17
26 6
29 14
1 6
15 12
15 21
27 22
2 8
4 7
9 3
14 14
24 8
17 12
20 18
30 18
22 3
24 5
11 12
23 6
4 14
18 9
3 8
14 8
12 10
24 19
28 11
1 3
13 22
9 4
29 9
23 14
9 20
21 16
13 12
13 20
4 21
6 9
13 9
3 11
20 13
2 12
9 22
28 16
28 16
21 13
11 14
4 7
6 13
27 11
12 18
20 13
28 11
13 19
30 21
19 13
3 17
14 13
9 9
9 15
12 22
9 6
24 12
2 17
24 5
24 18
27 13
10 9
6 15
18 12
8 6
11 6
16 21
7 20
13 13
15 18
13 9
9 13
18 16
2 15
15 3
25 8
6 22
19 9
11 17
5 5
11 14
11 8
13 13
15 21
5 20
16 17
13 18
11 15
23 13
18 10
11 11
14 12
14 20
21 20
11 8
18 7
29 9
15 22
19 4
7 6
4 13
27 10
20 17
28 3
21 10
1 8
4 10
11 21
23 10
28 20
28 7
18 19
6 5
29 15
24 22
27 4
8 16
29 8
20 13
19 21
16 10
8 22
26 22
13 16
27 19
5 4
24 3
16 7
18 7
8 5
23 3
13 3
22 6
15 11
5 12
10 18
12 3
3 20
18 16
24 10
3 18
27 22
25 18
2 22
11 18
1 12
4 15
21 15
23 11
29 10
7 10
16 18
19 8
26 21
28 22
27 21
20 7
19 8
4 6
27 12
16 16
8 3
21 10
28 19
8 8
13 16
17 15
7 5
23 15
19 17
1 11
17 17
19 21
3 5
15 18
30 15
20 18
10 3
17 3
16 15
17 20
14 21
12 4
30 4
26 20
30 11
17 8
2 16
16 17
2 7
12 5
22 10
1 22
18 6
6 21
2 7
11 21
12 14
15 12
16 16
12 12
9 10
1 19
3 15
26 8
12 11
17 22
15 6
3 10
29 10
4 22
11 20
23 6
23 20
6 10
21 8
28 20
16 12
28 18
25 16
5 7
29 10
16 10
28 13
9 6
21 17
9 18
28 6
9 8
11 21
24 8
15 6
14 14
14 5
13 13
3 19
14 10
21 19
9 17
22 10
17 3
15 12
2 16
7 19
18 21
22 14
23 12
22 21
9 16
12 10
17 11
28 11
14 16
9 15
11 4
7 8
19 16
5 19
16 17
8 22
5 20
10 6
16 12
9 6
1 10
16 6
10 6
17 15
18 16
13 11
14 14
20 20
1 13
4 10
18 7
21 16
10 4
10 17
21 16
17 17
15 13
11 8
14 20
3 14
15 3
17 5
23 17
30 6
22 3
23 19
11 20
8 9
8 8
11 8
19 6
28 5
25 14
21 8
24 9
19 18
8 19
7 16
24 4
29 16
25 5
18 7
9 5
6 14
3 17
3 12
10 7
30 21
4 20
2 15
15 13
16 3
20 22
2 20
26 21
18 3
4 21
20 3
23 14
16 8
23 8
7 13
2 11
22 13
16 21
30 4
9 14
1 14
7 22
4 20
15 20
2 17
3 4
3 16
12 15
11 6
25 5
4 9
14 4
28 10
11 12
10 5
16 7
13 21
3 6
19 3
19 11
14 17
29 3
25 21
22 11
15 18
2 16
9 22
24 10
20 20
28 8
13 12
28 4
18 10
4 13
2 15
30 5
12 14
3 22
9 22
11 19
30 10
4 17
25 19
6 6
8 14
7 22
7 5
23 22
25 5
5 15
19 20
8 10
6 15
28 20
14 4
19 3
28 15
28 5
4 21
28 22
11 18
7 10
9 14
22 22
28 5
27 9
30 21
5 4
26 19
