84 87
77 80
33 35
87 90
84 87
47 49
26 30
4 6
73 76
67 71
73 76
87 91
2 4
64 66
73 76
90 92
81 83
45 49
73 76
26 30
25 30
72 76
87 90
25 30
21 23
36 40
66 70
66 70
18 21
47 49
66 70
3 6
76 80
50 53
92 94
11 14
98 X
70 72
14 18
25 30
91 93
91 93
14 18
94 97
7 9
37 42
36 40
87 90
85 87
62 64
14 18
63 66
33 36
2 4
40 42
55 57
90 92
58 62
21 24
9 11
58 60
40 42
64 67
33 36
92 94
9 11
98 X
90 92
77 81
67 70
14 18
23 25
9 14
81 83
67 71
14 21
18 23
57 60
6 8
58 60
18 21
18 23
21 23
53 55
73 76
11 18
60 63
14 21
72 76
35 37
77 80
30 32
73 77
94 97
14 18
18 21
4 6
14 18
62 64
36 40
