100
4 2
5 2
6 2
1000 1000
1000 1
667583 656685
283504 266015
969617 734729
1000000 475712
500000 500000
999999 2
999999 128
590397 526938
511295 476003
1000000 127
500000 1
999999 519226
553424 542523
2 2
1000000 499999
999999 499997
1000000 128
763114 691060
603979 529012
967009 925592
1000000 364792
500000 231564
742890 623323
500000 131071
5 1
459151 357974
500000 127
2 1
654436 596173
500000 499999
1 1
999999 999999
500000 237857
562121 526002
500000 128
831644 636607
500000 262143
500000 250000
1000000 475713
999999 127
1000000 502361
500000 255076
377336 286873
999999 475712
815738 753660
500000 2
500000 249999
1000000 1
414130 370818
1000000 1000000
1000000 999999
500000 237856
3 1
999999 499998
999999 524287
683121 625119
1000000 262143
750580 655431
3 2
897225 849351
656019 609332
500000 262144
431830 428454
500000 249998
4 1
999999 262143
300185 267621
669495 569379
999999 475711
645915 627548
575529 545031
999999 499999
999999 524288
486028 417984
481502 361736
500000 131072
999999 1
787422 630847
396485 349445
457788 417312
456531 405392
999999 447078
999999 999998
1000000 2
808014 771257
388352 376372
999999 262144
1000000 524287
1000000 524288
739309 587552
1000000 262144
1000000 499998
887445 702932
1000000 500000
772100 770523
