20
5
0 7
2 3
10 2
7 16
5 17
5
16 4
2 3
3 11
4 7
5 15
6
0 18
1 13
13 0
16 16
15 17
9 19
8
17 12
1 13
3 14
6 17
7 7
9 19
13 0
15 17
6
2 8
9 5
17 9
14 12
8 15
2 10
8
19 8
2 10
8 15
9 5
9 6
11 7
14 12
17 9
7
0 6
3 0
4 0
10 4
10 6
9 19
4 16
8
19 19
3 0
3 10
4 0
4 16
5 6
9 9
9 19
5
1 12
19 9
18 19
11 19
1 13
7
19 13
1 13
5 14
9 17
10 12
11 11
11 19
5
0 1
16 4
14 13
9 16
4 13
8
18 2
4 13
5 4
9 16
12 6
12 11
13 12
14 13
4
0 19
5 0
18 6
19 18
8
19 4
3 8
4 6
5 0
5 4
6 8
13 10
15 5
4
1 9
4 4
18 0
17 16
7
14 2
4 4
13 13
16 8
17 16
18 0
13 10
7
1 16
2 4
8 2
17 0
19 0
14 17
13 18
6
17 13
2 4
6 4
8 2
9 5
9 13
7
0 11
2 7
12 2
19 2
19 13
17 19
1 16
8
15 14
1 16
2 7
4 8
7 8
9 13
12 2
13 9
5
3 5
12 0
12 7
8 15
5 16
8
19 18
5 16
6 15
8 15
11 1
12 0
12 7
13 9
6
1 15
2 2
15 1
17 1
19 3
19 19
9
18 6
2 2
3 10
5 5
5 10
7 7
14 7
15 1
17 1
6
3 0
13 2
19 8
17 11
5 18
3 1
6
18 8
3 1
5 18
8 16
10 7
13 2
5
10 0
16 8
15 14
14 16
13 14
8
19 11
13 14
14 16
15 14
16 8
13 2
17 10
17 11
6
1 3
12 1
18 5
15 13
5 16
1 16
5
18 10
1 15
1 16
2 6
3 3
6
0 0
18 2
17 12
16 15
9 17
2 16
7
19 13
1 2
2 7
2 15
2 16
7 4
8 11
6
7 2
16 0
18 14
18 15
17 18
8 18
9
19 13
8 18
11 9
12 18
13 13
16 0
16 5
17 18
18 14
5
4 14
12 1
13 0
19 2
15 13
9
15 11
10 10
12 1
13 0
14 6
15 13
16 1
19 2
18 14
7
2 13
3 8
6 2
16 5
17 16
10 16
4 14
9
19 5
3 8
4 14
6 2
6 6
6 7
7 5
7 8
10 16
5
4 3
11 3
18 6
19 10
4 18
7
19 19
4 18
5 6
6 7
11 3
12 10
12 12
