100
1
3
4
1 2 1 2
1
4
2
4 8
4
9 5 8 1
5
9 9 9 9 9
5
4 3 5 2 1
4
8 2 4 7
4
4 6 7 9
4
8 8 8 8
4
9 9 9 9
3
4 6 9
6
5 6 9 6 9 6
3
5 3 8
2
8 8
5
4 7 4 3 7
5
3 5 4 2 5
5
3 2 1 1 5
4
9 4 5 3
4
4 3 2 1
4
6 6 9 5
2
4 9
1
7
2
9 7
6
6 5 4 3 2 1
3
5 2 1
5
8 3 3 4 4
6
5 5 5 9 9 9
4
1 3 8 8
3
4 7 3
3
1 5 5
3
3 2 1
6
3 6 6 6 9 9
3
9 5 1
6
3 3 5 5 9 9
4
3 9 5 2
3
9 9 9
3
8 8 8
3
6 5 4
2
6 6
3
8 3 7
4
4 1 2 4
1
8
5
1 1 4 3 1
3
7 3 2
3
7 4 3
6
2 9 9 9 3 3
1
4
5
2 4 1 8 4
1
6
5
3 4 3 5 1
3
4 4 2
3
7 4 5
6
5 5 5 5 9 9
3
5 7 3
4
3 9 1 3
4
3 9 2 4
4
3 6 6 8
5
2 5 1 2 2
2
5 5
5
5 4 3 2 1
4
8 4 3 9
3
3 9 7
4
8 2 5 1
4
2 3 6 7
6
7 7 7 7 7 9
3
6 5 6
5
1 5 5 2 3
5
8 8 8 8 8
1
5
4
1 8 9 7
4
9 7 9 8
2
9 9
1
1
5
3 2 4 3 4
2
9 6
3
1 5 2
3
8 4 7
3
4 3 9
6
1 1 5 5 9 9
5
1 3 3 3 1
6
6 6 6 6 9 9
4
4 3 5 9
2
2 1
3
8 5 2
1
9
5
2 1 4 1 5
2
7 7
3
3 8 7
3
8 4 2
4
4 2 5 7
4
6 4 7 3
2
8 4
3
7 5 3
3
9 7 2
6
9 9 9 9 9 9
2
9 8
4
9 4 6 7
2
9 9
3
8 9 9