50
6
68 35 1 70 25 79 
1
63 
3
6 46 82 
4
62 92 96 43 
4
37 92 5 3 
4
93 83 22 17 
3
96 48 27 
6
39 70 13 68 100 36 
1
4 
4
23 34 74 65 
4
12 54 69 48 
3
63 58 38 
2
24 42 
2
79 17 
6
91 43 89 7 41 43 
5
49 47 6 91 30 
5
51 7 2 94 49 
4
24 85 55 57 
3
67 77 32 
5
45 40 27 24 38 
5
19 83 30 42 34 
6
40 59 5 31 78 7 
6
87 22 46 25 73 71 
4
78 74 98 13 
5
91 62 37 56 68 
4
75 32 53 51 
5
42 25 67 31 8 
6
8 38 58 88 54 84 
6
10 10 59 22 89 23 
5
7 31 14 69 1 
6
63 56 11 60 25 38 
3
84 96 42 
3
51 92 37 
3
21 97 22 
1
100 
1
85 
2
35 54 
2
19 39 
1
89 
2
68 29 
2
49 84 
6
22 11 18 14 15 10 
3
36 52 1 
6
20 57 99 4 25 9 
1
10 
2
3 96 
2
94 44 
2
88 15 
6
49 1 59 19 81 97 
3
82 90 99 
