50
2 6 5 1
8 6 6 11 2 1 
6 6 2 8
7 8 4 8 10 3 
2 1 3 4
7 
3 4 3 9
8 3 2 10 
9 4 5 8
10 8 6 5 
2 3 4 4
1 6 1 
4 5 6 5
4 11 7 1 1 
2 2 5 7
11 4 
3 1 5 1
11 
5 5 3 6
7 9 6 6 3 
2 4 3 10
7 6 1 2 
1 5 3 2
8 5 1 9 5 
8 5 3 3
6 9 5 8 9 
9 1 1 8
8 
4 1 6 6
8 
3 1 4 8
9 
8 1 5 1
10 
7 6 6 6
10 6 8 5 7 2 
5 5 5 8
8 1 8 3 1 
4 4 6 10
2 2 11 10 
3 5 3 1
2 8 10 10 8 
6 5 6 5
1 11 5 8 5 
3 3 2 7
3 10 10 
2 1 4 9
10 
2 1 6 10
8 
9 1 3 8
6 
9 2 1 4
10 2 
1 6 2 5
10 5 5 6 9 3 
10 3 5 4
10 9 4 
10 2 3 6
4 3 
4 2 4 5
11 2 
1 1 1 1
8 
9 6 6 9
4 10 2 6 4 6 
9 6 5 8
6 10 5 9 6 6 
3 1 3 6
1 
7 5 3 6
10 5 2 8 9 
2 1 3 2
1 
10 6 1 3
3 5 10 5 3 5 
10 6 1 2
11 10 1 9 4 5 
6 5 5 8
9 10 1 1 10 
2 6 3 10
4 5 9 7 3 6 
2 3 2 1
5 3 3 
4 2 5 8
1 11 
8 1 2 4
8 
8 5 3 6
3 3 4 6 9 
2 3 2 7
10 2 2 
6 2 1 9
7 2 
4 1 2 9
8 
3 2 5 7
5 2 
2 4 3 4
6 11 1 3 
