Case 1
0.941828
0.000583
1.000000
1.000000
0.008310
1.000000
0.847645

Case 2
1.000000
1.000000
0.683884
0.683884
1.000000
0.247934
1.000000

Case 3
0.125000

Case 4
0.137500
1.000000
0.262500
1.000000

Case 5
1.000000
1.000000
1.000000
0.062500

Case 6
1.000000

Case 7
0.317500
0.300000
0.930000
1.000000
0.600000
1.000000
0.137500
1.000000
0.650000
0.462500

Case 8
1.000000
1.000000
1.000000
0.742188
0.003906
1.000000
1.000000
1.000000
1.000000
0.312500

Case 9
1.000000
1.000000
0.090909
0.646694
0.719008
0.590909
0.409091
0.566116
0.092975
0.683884

Case 10
0.500000
0.500000
1.000000
1.000000
1.000000
1.000000

Case 11
1.000000
0.041667
0.236111
0.291667
0.791667
1.000000

Case 12
1.000000
0.660000
0.800000
1.000000
0.997500
1.000000

Case 13
0.947500
0.000000
0.045500
0.427500
0.850000
0.950000
1.000000

Case 14
1.000000
1.000000
1.000000
1.000000
1.000000
0.040000
1.000000

Case 15
0.285714

Case 16
0.517241

Case 17
0.227273
1.000000
1.000000
0.500000

Case 18
0.892857
0.336735
0.397959
0.857143
1.000000
1.000000
1.000000
0.984694

Case 19
1.000000
0.250000
1.000000
1.000000

Case 20
0.280612
1.000000

Case 21
0.095486
0.937500
1.000000
0.005208
0.937500
0.166667
0.048611
0.958333

Case 22
0.653356
0.111400
0.375000
1.000000
0.703125
0.833333

Case 23
0.238095
0.002268
0.926574
1.000000
1.000000
0.997732
0.238095
0.308390
0.000432

Case 24
1.000000
0.864583
0.973958
0.375000
1.000000
0.708333
0.265625
1.000000

Case 25
1.000000
0.863636

Case 26
1.000000
0.000000

Case 27
1.000000
1.000000
1.000000
1.000000
1.000000

Case 28
0.026786
1.000000

Case 29
1.000000
1.000000
1.000000
1.000000
1.000000

Case 30
0.804847
1.000000
0.019133
0.070153
0.000000

Case 31
1.000000
1.000000
1.000000
1.000000
1.000000
1.000000
1.000000
1.000000

Case 32
1.000000
1.000000

Case 33
1.000000
0.437500

Case 34
1.000000
1.000000
0.400000
1.000000
1.000000
1.000000
1.000000
1.000000

Case 35
0.973958
0.017361
1.000000
0.625000

Case 36
1.000000
1.000000
1.000000
1.000000
1.000000
1.000000
1.000000
1.000000
1.000000

Case 37
1.000000
1.000000
1.000000
1.000000
0.333333
1.000000
1.000000

Case 38
1.000000
1.000000
0.923077
1.000000
0.124260
1.000000
0.461538
0.846154
0.384615

Case 39
1.000000
1.000000
1.000000
1.000000
1.000000
1.000000
1.000000
1.000000

Case 40
1.000000
1.000000
0.000000
1.000000
1.000000
1.000000

Case 41
0.777778
1.000000

Case 42
1.000000
1.000000

Case 43
0.967925
0.099723
1.000000
1.000000

Case 44
0.800000
0.052500
1.000000
1.000000
1.000000

Case 45
0.297521
0.628099
1.000000
1.000000
0.818182
1.000000
0.876033

Case 46
1.000000
1.000000
1.000000
1.000000
0.533333
0.066667
0.124444
1.000000
0.466667

Case 47
0.700000
1.000000
0.862500
0.090000
1.000000
0.251500
0.650000

Case 48
1.000000
1.000000
1.000000
1.000000

Case 49
1.000000
1.000000
1.000000
1.000000
1.000000

Case 50
0.700000
1.000000
0.112500
0.943125
1.000000
1.000000
1.000000
1.000000
0.600000

Case 51
0.190476
1.000000
0.952381
1.000000
0.346939
1.000000
1.000000
1.000000
0.000000

Case 52
0.861111

Case 53
0.192308
0.341716
1.000000
0.004438
0.001479
1.000000
1.000000
1.000000

Case 54
0.857143
0.928571
1.000000

Case 55
0.200000
0.975111
1.000000

Case 56
1.000000

Case 57
1.000000
1.000000
1.000000
1.000000
1.000000
1.000000
1.000000
1.000000
1.000000
0.000000

Case 58
0.866667
1.000000
1.000000
0.240889
0.093333
1.000000
0.000691
0.915259
1.000000
0.000000

Case 59
1.000000
0.925926
0.814815

Case 60
1.000000
1.000000
1.000000
1.000000

Case 61
1.000000
1.000000
0.000000
1.000000
0.689655
0.448276

Case 62
0.409091
1.000000
1.000000

Case 63
0.727891
1.000000
1.000000
0.376417
0.904762

Case 64
1.000000
0.865385
0.408284

Case 65
1.000000
0.600000
0.200000
1.000000
1.000000

Case 66
1.000000
0.600000
0.071500
1.000000
1.000000
0.990000
0.000000
0.500000
0.134500
0.220000

Case 67
1.000000
0.300000
1.000000
1.000000

Case 68
0.826446
1.000000
1.000000
0.363636
1.000000
0.768595
1.000000
0.545455
1.000000

Case 69
1.000000
0.016620
1.000000
0.058172
0.124654
0.000000
0.016620
0.972299
1.000000
0.005103

Case 70
0.875556
1.000000

Case 71
0.666667
1.000000
0.086420
0.166667
1.000000
1.000000
1.000000
0.277778

Case 72
0.133333
1.000000
1.000000
1.000000
1.000000
1.000000
1.000000
1.000000
0.266667

Case 73
0.322656
0.085000
0.660000
0.070000
0.070000
0.000500
0.025000

Case 74
1.000000
1.000000
1.000000
0.795918
1.000000
1.000000
1.000000

Case 75
0.998628
1.000000
1.000000
1.000000
1.000000
0.835391
0.972565

Case 76
1.000000
0.333333
1.000000
1.000000
1.000000

Case 77
1.000000
1.000000
1.000000

Case 78
0.133333
0.600000

Case 79
1.000000
1.000000
1.000000
1.000000
1.000000
1.000000
1.000000
1.000000
1.000000

Case 80
0.518519
0.875171
0.018493
0.234568

Case 81
1.000000

Case 82
0.310651
1.000000
0.310651
0.480769
1.000000
1.000000
0.461538
0.278789

Case 83
1.000000
0.930556
0.000000
0.032407
1.000000

Case 84
1.000000
0.000000
1.000000

Case 85
1.000000
1.000000
1.000000
0.705882

Case 86
1.000000
1.000000
1.000000
1.000000
1.000000
1.000000
1.000000
1.000000
1.000000
0.000000

Case 87
1.000000
0.481481
0.814815
0.790123

Case 88
1.000000
1.000000
1.000000

Case 89
0.777778
0.419753
0.444444
0.419753
1.000000

Case 90
1.000000
1.000000
1.000000

Case 91
1.000000
1.000000

Case 92
0.102041

Case 93
0.026042
1.000000
1.000000

Case 94
0.482759
1.000000
0.448276
1.000000
0.758621
1.000000

Case 95
0.931947
1.000000
1.000000
0.434783
0.896030
0.733213

Case 96
1.000000
1.000000
1.000000
1.000000
1.000000
1.000000
0.915259
0.093333

Case 97
0.913333
0.566667
0.008148
0.666667
0.390000
0.766667
0.966667

Case 98
1.000000
1.000000

Case 99
0.926667
0.580000
0.061111
0.003333
0.133333

Case 100
1.000000
1.000000

Case 101
1.000000
1.000000
1.000000
1.000000
1.000000
1.000000
1.000000
1.000000

Case 102
0.863636
1.000000
1.000000
1.000000

Case 103
1.000000
1.000000
1.000000
1.000000
1.000000
0.040000
0.600000
0.880000
1.000000

Case 104
0.031111
0.116667
0.800000
0.031111
0.190000
0.548889
0.966667
0.133333
0.040000
0.610000

Case 105
1.000000
0.142857
1.000000
0.938776

Case 106
1.000000
0.857143
0.928571
0.500000
0.663265
1.000000

Case 107
0.766667
1.000000
0.066667
1.000000

Case 108
1.000000
1.000000
1.000000
1.000000
1.000000
1.000000
1.000000
1.000000
1.000000
1.000000

Case 109
0.500000
0.000000

Case 110
1.000000
1.000000
1.000000
1.000000
1.000000

Case 111
1.000000
1.000000
1.000000
1.000000
1.000000
1.000000
0.060000

Case 112
0.481481
0.074074
0.893004
0.164609

Case 113
0.263158
1.000000
0.997230
0.636244
0.423823
1.000000
0.684211
1.000000

Case 114
0.363636
1.000000
0.727273
0.646694

Case 115
0.204082
0.142857

Case 116
1.000000
1.000000
0.200000
1.000000

Case 117
1.000000
0.919825

Case 118
0.433333
0.666667

Case 119
1.000000
1.000000
1.000000
1.000000
1.000000
1.000000
0.333333
1.000000
1.000000

Case 120
1.000000
1.000000
1.000000
1.000000
0.166667
1.000000

Case 121
1.000000
1.000000

Case 122
1.000000
1.000000
1.000000
1.000000
0.500000
1.000000

Case 123
1.000000
0.020828

Case 124
1.000000
0.692308
1.000000
0.384615

Case 125
1.000000
1.000000
1.000000
1.000000
1.000000
1.000000
1.000000
1.000000
1.000000
1.000000

Case 126
0.001778
0.123718

Case 127
1.000000
1.000000
1.000000

Case 128
1.000000
0.111111
0.419753
0.018519
1.000000

Case 129
0.371901
1.000000
1.000000
0.008264
1.000000

Case 130
1.000000
0.983380
1.000000
0.290859

Case 131
1.000000
1.000000
1.000000
0.166667
0.166667
1.000000
1.000000
0.166667
1.000000
1.000000

Case 132
1.000000

Case 133
0.086420
1.000000
1.000000
0.376372
1.000000
0.096022

Case 134
1.000000
0.413793
0.827586
0.034483
1.000000

Case 135
1.000000
1.000000
1.000000
1.000000
0.100000
1.000000
1.000000
1.000000
0.800000
1.000000

Case 136
1.000000
0.107143
1.000000
0.153061
0.915816
0.057398
1.000000
0.973214

Case 137
1.000000
1.000000
1.000000
0.942400
0.520000

Case 138
1.000000
0.562355
0.001736
1.000000
0.265625
1.000000
0.989583
0.036458

Case 139
1.000000

Case 140
1.000000
1.000000

Case 141
0.538462
0.869822

Case 142
0.200000
1.000000
0.266667
1.000000
0.595556
1.000000
0.998815
0.200000
1.000000

Case 143
0.695313
1.000000
0.004883

Case 144
0.314879
1.000000
1.000000
1.000000
0.823529
0.352941
0.584775
1.000000
0.470588

Case 145
1.000000
0.350000
0.165000
0.112500

Case 146
0.250000
1.000000
1.000000

Case 147
0.894737
0.709141
0.991690
1.000000
0.881032
1.000000

Case 148
1.000000
1.000000

Case 149
1.000000
1.000000
1.000000
1.000000
0.062500
1.000000
1.000000
1.000000

Case 150
1.000000
0.900000

Case 151
0.355469

Case 152
0.375000
1.000000
1.000000
1.000000
1.000000
1.000000
1.000000

Case 153
0.666667
1.000000
1.000000
0.208333
1.000000
0.625000
1.000000

Case 154
1.000000
0.181818

Case 155
1.000000

Case 156
1.000000
0.711934
0.370370
1.000000
1.000000
1.000000

Case 157
0.375000

Case 158
1.000000
1.000000
1.000000
1.000000
1.000000
0.250000
1.000000
1.000000
1.000000

Case 159
1.000000
1.000000
0.962277
0.139918

Case 160
0.846154
1.000000
1.000000

Case 161
1.000000
1.000000
1.000000
1.000000

Case 162
1.000000
0.520000
1.000000

Case 163
0.238095
1.000000
1.000000
1.000000
1.000000
0.002268
0.206349

Case 164
1.000000
1.000000

Case 165
1.000000

Case 166
0.892938
1.000000

Case 167
1.000000
1.000000
1.000000
1.000000
1.000000
1.000000

Case 168
1.000000
0.730104
1.000000
0.294118
1.000000
0.609404
1.000000

Case 169
1.000000
1.000000
1.000000
1.000000
1.000000
1.000000
0.010000
1.000000
1.000000
0.850000

Case 170
1.000000
1.000000
0.090909
1.000000

Case 171
0.618056
1.000000
1.000000
1.000000
1.000000

Case 172
0.004438
0.046427
0.410954
0.046427

Case 173
0.124654
0.526316
1.000000
0.684211
1.000000
0.368421
0.141274
1.000000
1.000000
0.922438

Case 174
0.538462
1.000000
0.822485
0.076923
1.000000
0.985207
0.692308
1.000000
0.281065
0.000057

Case 175
1.000000
0.425250
0.516688
0.549938

Case 176
1.000000
1.000000
1.000000
0.650000
1.000000
1.000000
1.000000
1.000000

Case 177
1.000000
0.979239
1.000000
1.000000
1.000000
1.000000

Case 178
0.623269
0.519755

Case 179
0.619048
0.571429
0.809524
0.380952
1.000000
1.000000

Case 180
1.000000

Case 181
1.000000
1.000000
0.907389
1.000000
0.058824
1.000000
1.000000
0.010381
0.948097

Case 182
1.000000
1.000000
0.111111
1.000000
0.222222
1.000000
1.000000
1.000000

Case 183
0.755200
0.016000
0.280000
0.854400
0.976000
1.000000
0.200000

Case 184
1.000000
1.000000
0.000000
1.000000
0.624143
0.987654
1.000000
1.000000
1.000000
1.000000

Case 185
0.316872
1.000000
0.986283
0.518519
0.222222
1.000000
1.000000
0.222222

Case 186
1.000000
1.000000
0.537266
1.000000
1.000000
1.000000
1.000000

Case 187
0.667590
0.900277
0.747922
0.157895

Case 188
1.000000
0.691610
0.428571
1.000000
1.000000
1.000000
0.793651
1.000000
0.965986

Case 189
0.356718
0.092747
0.793103
0.838288
0.957194
0.379310
0.241379

Case 190
1.000000
1.000000
1.000000
1.000000
1.000000
1.000000

Case 191
0.602041
0.015306
1.000000
1.000000
1.000000

Case 192
1.000000
1.000000
1.000000
0.071429
1.000000
0.214286

Case 193
0.940000
1.000000
1.000000
1.000000
1.000000
0.600000
1.000000
1.000000
1.000000

Case 194
0.476190
0.523810

Case 195
0.950413
1.000000
1.000000
1.000000
0.818182

Case 196
1.000000
1.000000
1.000000
0.409091
0.454545
1.000000
1.000000
1.000000

Case 197
1.000000
1.000000
1.000000
1.000000

Case 198
0.862500
0.427500
0.947500
0.525000
1.000000
1.000000

Case 199
0.100000
1.000000
1.000000
0.010000
1.000000
1.000000
1.000000

Case 200
1.000000
1.000000
1.000000
1.000000
1.000000
1.000000
1.000000
1.000000
1.000000

Case 201
0.479167
0.937500
1.000000
0.994792
1.000000
1.000000
0.560764

Case 202
0.328889
1.000000
1.000000
1.000000
0.906667
0.997037

Case 203
1.000000
0.960302
1.000000
1.000000
0.739130
0.875236
0.739130

Case 204
1.000000
0.909091
0.000094
0.942149
1.000000
0.811983
1.000000
0.855372
0.280992

Case 205
1.000000
1.000000
1.000000
1.000000
1.000000

Case 206
0.607438
0.247934
1.000000
0.969008
0.909091
0.863636
0.227273
1.000000
1.000000

Case 207
1.000000
0.991455
1.000000
1.000000
0.437500
0.250000
0.593750
1.000000
1.000000
1.000000

Case 208
1.000000
1.000000
0.990897
0.923077
0.923077
0.923077
1.000000
0.911243
1.000000
0.059172

Case 209
0.076923
0.413746
0.999475
1.000000

Case 210
0.206897
0.024970
0.896552
0.356718

Case 211
1.000000
1.000000
1.000000
1.000000
0.297521
1.000000

Case 212
1.000000
0.500000
1.000000
1.000000
1.000000
0.062500
1.000000
1.000000
1.000000
1.000000

Case 213
0.391304
0.516315
0.956522
0.000750
0.173913

Case 214
0.430778
0.090535
0.938272
1.000000

Case 215
1.000000
1.000000
1.000000
1.000000
0.000000
1.000000
1.000000
0.005917
1.000000
1.000000

Case 216
1.000000
1.000000
1.000000
1.000000
1.000000
1.000000
1.000000

Case 217
1.000000
1.000000
1.000000
1.000000
1.000000

Case 218
0.875236
0.391304
0.018904
1.000000
0.914934
1.000000
0.418838
0.173913
0.217391

Case 219
0.994792
0.583333
1.000000
1.000000
0.040509
1.000000
0.951389
0.937500
0.904514
1.000000

Case 220
1.000000
0.500000
0.666667
0.833333

Case 221
1.000000
0.200000
0.200000
1.000000
1.000000
0.800000
1.000000
1.000000
1.000000

Case 222
1.000000
1.000000
1.000000
0.877551

Case 223
0.001890
0.875236
1.000000
0.565217
0.434783

Case 224
1.000000
1.000000
1.000000
0.550000

Case 225
0.263158
0.941828
0.157895
1.000000
0.526316
0.216066
0.817175
0.182825

Case 226
1.000000

Case 227
0.050000
0.400000
0.001111

Case 228
1.000000
1.000000
0.720000
1.000000
1.000000
1.000000
1.000000
1.000000
1.000000

Case 229
1.000000
1.000000
1.000000
1.000000
1.000000

Case 230
1.000000
1.000000
1.000000
0.600000
0.100000

Case 231
1.000000
0.962963
0.185185
0.814815
0.518519
0.481481
0.259259
1.000000
1.000000

Case 232
0.666667
1.000000
1.000000
1.000000
1.000000
1.000000
1.000000
1.000000
1.000000
1.000000

Case 233
1.000000
1.000000
1.000000
1.000000
1.000000
1.000000

Case 234
0.535714
1.000000
0.071429
0.392857
1.000000
0.013028
0.026786
1.000000
0.071429

Case 235
0.181818
1.000000
1.000000
0.216942
0.000000
0.892938
0.136364

Case 236
1.000000

Case 237
1.000000
1.000000
1.000000
1.000000
1.000000
1.000000

Case 238
1.000000
1.000000
1.000000
1.000000
1.000000
1.000000
1.000000

Case 239
1.000000
1.000000
1.000000
0.692308

Case 240
0.817708
0.583333
1.000000
1.000000
0.875000
1.000000
0.020689

Case 241
0.654321
0.925926
0.185185
1.000000
1.000000
1.000000
0.000000

Case 242
1.000000
1.000000
1.000000

Case 243
1.000000
0.759259
0.280864
0.981481
0.527778
0.996914
0.701475
1.000000

Case 244
1.000000
1.000000
0.231405

Case 245
1.000000
1.000000

Case 246
1.000000
0.840000
1.000000
1.000000
1.000000
0.000000
1.000000

Case 247
0.333333
1.000000
1.000000
1.000000

Case 248
0.166667
1.000000
1.000000
1.000000
1.000000

Case 249
1.000000
1.000000
1.000000
1.000000
1.000000
1.000000
1.000000
0.846154
1.000000
1.000000

Case 250
0.531250
1.000000

Case 251
1.000000
0.629630
0.962277
0.064815
0.078018
0.009259
1.000000
0.046296
0.833333

Case 252
0.333333
1.000000
0.083333
1.000000
0.312500
1.000000
1.000000

Case 253
1.000000
1.000000
1.000000
1.000000
1.000000
0.000000
1.000000
1.000000

Case 254
1.000000
1.000000
1.000000
1.000000
0.066667
1.000000

Case 255
0.176871
1.000000
1.000000
1.000000
1.000000
1.000000
1.000000
0.523810
0.047619

Case 256
1.000000
0.000000
1.000000
0.600000
1.000000
1.000000
0.001185

Case 257
0.272727
0.454545
1.000000
1.000000
1.000000
0.907042
1.000000

Case 258
1.000000
1.000000
1.000000
1.000000
1.000000
1.000000
1.000000

Case 259
1.000000
1.000000
1.000000
1.000000
1.000000
1.000000
1.000000

Case 260
0.862069
0.448276

Case 261
1.000000

Case 262
1.000000
1.000000
1.000000
1.000000
1.000000
1.000000
1.000000
1.000000
1.000000

Case 263
0.789474

Case 264
1.000000
1.000000
1.000000
1.000000

Case 265
0.911243
0.538462

Case 266
1.000000
1.000000
0.032000
0.040000
0.568000

Case 267
0.111111
1.000000
1.000000

Case 268
0.989583
0.921875
1.000000
0.531250
0.000000
0.296875

Case 269
0.595556
0.066667
0.266667
0.134815
0.800000

Case 270
0.053508
0.017836
0.092747
0.311698

Case 271
1.000000
1.000000
0.015625
1.000000
1.000000
0.125000
1.000000

Case 272
0.843750
1.000000
1.000000
1.000000
0.046875
0.406250

Case 273
0.866667
0.500000
0.166667
1.000000
0.100000
0.466667
1.000000

Case 274
0.923077
0.586254
0.000000
0.999545
0.076923
0.076923
1.000000
1.000000

Case 275
1.000000

Case 276
1.000000
1.000000
1.000000
1.000000
1.000000
1.000000

Case 277
1.000000
0.082031
1.000000

Case 278
0.562500
1.000000
1.000000

Case 279
0.842105
0.421053

Case 280
0.011727
0.000000
0.862069

Case 281
1.000000
1.000000
1.000000

Case 282
0.186557
0.049383
0.554184
0.486105
1.000000
0.186557
0.260631

Case 283
0.991690
0.105263
1.000000
1.000000

Case 284
1.000000
1.000000
1.000000
1.000000
1.000000
1.000000

Case 285
0.000000
0.915816
1.000000
0.954082
0.942602
0.013028
0.327077

Case 286
1.000000
1.000000

Case 287
0.044800
0.680000
1.000000
0.880000
1.000000

Case 288
0.090535

Case 289
1.000000
1.000000
1.000000
0.096886
1.000000

Case 290
0.072000
0.010560
0.942400

Case 291
1.000000
1.000000
1.000000
0.333333

Case 292
1.000000
1.000000
1.000000

Case 293
1.000000
0.733333
1.000000

Case 294
1.000000
1.000000
1.000000
0.940000
1.000000
0.880000

Case 295
0.304449

Case 296
0.007500
0.195000
0.862500
0.000000
0.985000
1.000000
0.525000
1.000000

Case 297
0.687500
1.000000
1.000000
0.833333
0.805556

Case 298
0.456563
0.914934
0.147448
0.826087
0.325060
0.603025
0.126701

Case 299
0.391304
1.000000
1.000000
0.956522
1.000000
0.086957
0.086957

Case 300
1.000000
0.400000
1.000000
1.000000
1.000000
1.000000

Case 301
1.000000

Case 302
0.181818
1.000000
1.000000
0.993802

Case 303
1.000000
1.000000
1.000000
1.000000
1.000000
1.000000
0.750000
1.000000

Case 304
0.705882
1.000000
0.833910

Case 305
0.908997
1.000000
0.719008
0.013063
0.000376
1.000000
0.007769
0.005259
0.280992
0.215721

Case 306
1.000000
1.000000
1.000000
1.000000
1.000000
0.760000
1.000000
1.000000
1.000000

Case 307
0.995562
0.844675
0.946746
0.958580
0.076923
0.480769
0.014793
1.000000
0.958580
0.918639

Case 308
0.103448
1.000000
0.896552
1.000000
0.344828
0.907253
1.000000
0.310345
0.379310
1.000000

Case 309
0.200000
0.726400
0.369600
0.782400
0.984000
0.604160
0.720000
0.689280
0.480000
0.912000

Case 310
1.000000
0.082031
1.000000

Case 311
1.000000
0.461538
1.000000
1.000000
0.461538
0.059172
1.000000

Case 312
1.000000
0.928571
0.285714
1.000000
0.785714
1.000000
1.000000
1.000000
0.535714

Case 313
0.517871
0.022676
1.000000
1.000000
1.000000
0.727891

Case 314
1.000000
1.000000
0.194444
0.458333
0.083333

Case 315
0.631579
0.842105
1.000000
1.000000

Case 316
1.000000
0.936890
0.049587
1.000000
1.000000
1.000000
1.000000
0.000000
1.000000

Case 317
0.000000
1.000000
1.000000
1.000000
1.000000

Case 318
1.000000
1.000000
1.000000
1.000000
1.000000
0.991736

Case 319
0.578947
1.000000

Case 320
1.000000
1.000000
0.892938
0.188017

Case 321
1.000000

Case 322
0.896552
0.225922

Case 323
1.000000
1.000000
0.798817
0.995562

Case 324
0.628099
1.000000
1.000000
0.636364
1.000000

Case 325
1.000000
1.000000
1.000000
1.000000
1.000000
1.000000
1.000000
1.000000

Case 326
0.195153
0.357143
0.428571
1.000000
1.000000
1.000000
0.647959
0.285714
1.000000

Case 327
0.451111
0.233333
0.241296
0.066667
0.300000
0.466667
0.516667
0.200000

Case 328
0.896552
0.011891
0.310345
0.344828
1.000000
0.891795
0.065398
0.564476

Case 329
0.250000
1.000000
0.375000
1.000000

Case 330
0.000000
1.000000
0.833333
1.000000
1.000000
1.000000
1.000000
1.000000
1.000000
1.000000

Case 331
1.000000
1.000000
1.000000
1.000000

Case 332
0.423823
1.000000
1.000000
1.000000
1.000000
1.000000
1.000000
0.027701
0.875346

Case 333
1.000000
0.700000
1.000000
1.000000
1.000000
1.000000
1.000000

Case 334
1.000000
1.000000

Case 335
1.000000
0.521739
0.676749
1.000000
1.000000

Case 336
1.000000
0.999756
0.250000
0.917969
1.000000

Case 337
1.000000
0.972222
1.000000
1.000000
1.000000
1.000000
1.000000
1.000000

Case 338
1.000000
0.105263
1.000000
1.000000
1.000000
0.709141
0.997230
1.000000

Case 339
0.397959

Case 340
0.957194
0.857313
0.011727
0.689655
1.000000

Case 341
0.691610
0.727891
1.000000
1.000000
0.986395
0.238095
0.722492
0.238095
0.013605

Case 342
1.000000

Case 343
0.030977
0.084184
0.900510

Case 344
1.000000
1.000000
1.000000
0.415225
0.764706
1.000000
0.155709
1.000000
1.000000

Case 345
0.020576
0.090535
1.000000
0.288066
0.924554
1.000000
0.333333
0.962963
0.445816

Case 346
0.969008

Case 347
1.000000
0.790000
1.000000
0.300000
1.000000
0.850000
1.000000
1.000000

Case 348
1.000000
1.000000
1.000000
1.000000
0.150000
1.000000
1.000000

Case 349
0.850000
1.000000

Case 350
0.160000
1.000000
1.000000
1.000000
0.000000
1.000000
1.000000

Case 351
1.000000
0.917355
0.636364
1.000000
0.000000
0.398197
1.000000
0.000751
0.042074

Case 352
0.951989
1.000000
1.000000
1.000000
1.000000
0.876543
0.925926
1.000000
1.000000

Case 353
0.165816
0.984694
1.000000
1.000000
0.183673
0.397959
1.000000

Case 354
1.000000
1.000000
0.972222
1.000000

Case 355
1.000000
1.000000
1.000000
1.000000
0.000000
1.000000

Case 356
0.857143
0.714286
1.000000
1.000000

Case 357
0.824219
0.312500
1.000000
0.531250
1.000000
0.187500
0.833984
0.941406
0.917969
0.406738

Case 358
1.000000
1.000000
1.000000
1.000000
1.000000
1.000000

Case 359
1.000000
0.977324
0.063492
0.206349
1.000000
1.000000

Case 360
0.304449

Case 361
1.000000

Case 362
1.000000
1.000000
1.000000
0.940000
1.000000
1.000000
1.000000

Case 363
0.016620
0.124654

Case 364
1.000000
0.830322
1.000000
1.000000
1.000000
1.000000

Case 365
1.000000
1.000000
1.000000
0.384615
1.000000

Case 366
1.000000
1.000000
0.352941
1.000000
1.000000

Case 367
1.000000
0.260870
0.147448
0.988658
0.695652
1.000000
0.000082
0.998110

Case 368
0.629630
0.629630

Case 369
1.000000
1.000000
1.000000

Case 370
1.000000
1.000000
1.000000
1.000000
1.000000
1.000000

Case 371
1.000000
0.061953
1.000000
0.875443
0.964468
1.000000
0.663265
1.000000
0.076687
1.000000

Case 372
1.000000
0.168000
0.880000
1.000000
0.217600
1.000000
1.000000
0.880000
1.000000

Case 373
1.000000

Case 374
0.357143
1.000000
0.857143
1.000000
1.000000
0.030612
1.000000
0.003644

Case 375
0.013333

Case 376
0.774078

Case 377
0.355469
0.644531
1.000000
0.785156
0.976563
0.742188

Case 378
1.000000
0.262003
0.086420
0.772462
0.169753
0.078018
1.000000
0.062414
0.240741
0.324074

Case 379
1.000000
1.000000
1.000000
1.000000
1.000000

Case 380
1.000000
1.000000

Case 381
1.000000
1.000000

Case 382
1.000000
1.000000
1.000000
1.000000
1.000000
1.000000
0.555556

Case 383
1.000000
1.000000

Case 384
1.000000
1.000000
1.000000
1.000000
0.345679
1.000000

Case 385
0.923469
1.000000
1.000000
1.000000
1.000000
0.928571
1.000000
0.663265
0.428571

Case 386
1.000000
1.000000
1.000000
1.000000
0.888889
1.000000
1.000000
1.000000
0.666667
1.000000

Case 387
1.000000
0.166667
1.000000
1.000000
0.500000
1.000000
0.444444
1.000000
1.000000
0.001715

Case 388
1.000000
0.133333

Case 389
0.006803

Case 390
0.625740
0.865385
0.022189
0.844675
1.000000
0.718935
0.115385
0.004438
1.000000

Case 391
1.000000
0.766667
0.718889
1.000000
0.150370
0.233333
0.666667
0.933333
0.001111

Case 392
1.000000

Case 393
1.000000
1.000000
1.000000

Case 394
0.102830
0.089976
1.000000
0.049383
0.000051
0.541635
0.739369
0.541635
0.001778

Case 395
0.835391
1.000000
1.000000

Case 396
1.000000

Case 397
1.000000
0.033294
0.172414
0.758621
0.042806
0.891795
0.551724
0.009020
0.203329

Case 398
1.000000
0.481481
1.000000
0.020576
1.000000
0.666667
0.370370
0.411523
1.000000
0.893004

Case 399
1.000000

Case 400
1.000000
1.000000
1.000000
1.000000
0.000000
0.555556
1.000000
1.000000
1.000000

Case 401
1.000000
1.000000
1.000000
1.000000
1.000000
0.037037
0.333333
1.000000

Case 402
1.000000
1.000000
1.000000
1.000000
1.000000
1.000000
1.000000
1.000000
1.000000
1.000000

Case 403
0.975207
0.975207
1.000000
1.000000
1.000000
1.000000

Case 404
1.000000
0.007653
0.035714
0.732143
0.002551
0.285714
0.677296
0.928571

Case 405
0.882353
1.000000
0.010381
1.000000

Case 406
1.000000
1.000000
1.000000
1.000000
1.000000
1.000000
1.000000
1.000000
0.333333

Case 407
0.161712
0.017836

Case 408
1.000000
0.304688
1.000000
0.742188
0.002441
1.000000
0.946289

Case 409
1.000000
1.000000

Case 410
0.521739
1.000000
1.000000
0.913043
1.000000
0.043478
0.565217
1.000000
1.000000
0.603025

Case 411
0.099723
1.000000
0.847645
0.252078
1.000000
0.789474
1.000000
0.578947
1.000000
1.000000

Case 412
0.316406
0.625000
1.000000

Case 413
1.000000
1.000000
1.000000
1.000000
1.000000

Case 414
1.000000
1.000000
1.000000
1.000000
1.000000
1.000000
1.000000

Case 415
1.000000
1.000000
1.000000
1.000000
1.000000
1.000000
1.000000
1.000000
1.000000

Case 416
1.000000
0.440881
0.991690
0.623269
0.875346

Case 417
1.000000
0.333333
1.000000
1.000000
1.000000
1.000000
1.000000

Case 418
0.989619

Case 419
0.306122
1.000000

Case 420
0.771626
1.000000
0.003460
1.000000
1.000000
0.058824
0.948097
0.685121
1.000000

Case 421
0.084000
1.000000
0.280000
0.210000
1.000000

Case 422
1.000000
1.000000
1.000000
1.000000
1.000000
1.000000
1.000000
1.000000
1.000000

Case 423
0.071429
0.321429
0.428571
0.535714
0.178571
0.250000
0.964286

Case 424
1.000000
0.185185
0.629630

Case 425
1.000000
1.000000
0.035750
0.000125
1.000000
0.007500
1.000000

Case 426
1.000000
1.000000
1.000000
1.000000
1.000000
1.000000
1.000000
1.000000

Case 427
0.005926
1.000000
1.000000
1.000000

Case 428
0.953125

Case 429
0.990000
0.004000
1.000000
1.000000
1.000000
1.000000
1.000000
1.000000
1.000000

Case 430
1.000000
1.000000
1.000000
0.500000
0.312500
1.000000
1.000000
1.000000
1.000000

Case 431
0.031065
0.066568
0.844675
0.773669

Case 432
0.918367
1.000000
1.000000
0.612245
1.000000

Case 433
0.448276
0.413793
1.000000
1.000000
0.965517
1.000000
1.000000
1.000000

Case 434
1.000000
0.120000
0.052224
0.800000

Case 435
0.576923
0.718935

Case 436
1.000000
0.727273
0.826446
0.545455
1.000000
0.003005
1.000000
1.000000
1.000000
1.000000

Case 437
0.979167
1.000000

Case 438
1.000000
1.000000
0.306122
1.000000
1.000000
1.000000
1.000000
1.000000
0.571429
1.000000

Case 439
1.000000
1.000000
1.000000
1.000000
1.000000
0.826446
1.000000
1.000000

Case 440
0.566667

Case 441
0.600000
0.866667

Case 442
0.002770
0.526316
1.000000
1.000000
0.152355
0.941828

Case 443
1.000000
1.000000
0.980000
0.360000

Case 444
0.166481
0.170000
0.333333
0.061111
0.013481
1.000000

Case 445
1.000000
1.000000
0.952381
1.000000
0.176871
1.000000
0.002160

Case 446
1.000000
0.100137

Case 447
1.000000
1.000000
1.000000
1.000000
1.000000
1.000000
0.625000

Case 448
0.111084
0.250000
0.312500
1.000000
0.008545
1.000000

Case 449
1.000000
0.869565
1.000000
1.000000
1.000000

Case 450
1.000000
1.000000
1.000000
1.000000
1.000000
1.000000
1.000000
0.571429
1.000000
1.000000

Case 451
0.084184
0.414541
1.000000
0.517857
0.552296
0.357143
0.392857
1.000000
1.000000

Case 452
1.000000
1.000000

Case 453
1.000000
0.123967

Case 454
0.004800
0.808000
0.145600
0.240000
1.000000

Case 455
1.000000
0.750000

Case 456
1.000000
1.000000
1.000000
1.000000

Case 457
0.976000
0.595200

Case 458
0.075671
0.226331
0.038689
0.408284
1.000000
0.346154
0.254040
0.692308
0.097633
0.384615

Case 459
0.116071
0.153061
0.012755
1.000000
1.000000
0.785714
1.000000
0.025510

Case 460
1.000000
0.015306
1.000000
0.663265

Case 461
1.000000
0.242347
0.964286
0.044142
0.104774
1.000000

Case 462
0.755556
0.666667
1.000000
1.000000

Case 463
1.000000
1.000000
1.000000
1.000000
1.000000

Case 464
0.002916
0.941828
1.000000
1.000000

Case 465
1.000000
1.000000
0.125000
1.000000
0.041667
1.000000
0.250000
0.625000
0.458333
0.541667

Case 466
0.233333
0.833333
1.000000
0.066667
0.400000

Case 467
0.260631
1.000000
0.666667
0.222222
0.962963
1.000000
1.000000
0.148148

Case 468
0.332410
0.684211
0.290859
0.058172
1.000000
1.000000
1.000000
1.000000

Case 469
1.000000
1.000000

Case 470
1.000000
1.000000
0.607143
0.732143
0.035714
0.750000
0.678571
1.000000

Case 471
1.000000
1.000000
0.888889
1.000000
1.000000
1.000000
1.000000

Case 472
1.000000
1.000000
1.000000
1.000000
1.000000
1.000000
1.000000
1.000000

Case 473
1.000000
1.000000
1.000000
1.000000
1.000000
1.000000
0.818182
1.000000
1.000000

Case 474
1.000000

Case 475
0.948097
1.000000

Case 476
0.473214
0.857143
0.446520
1.000000

Case 477
0.203329

Case 478
0.529412
1.000000
0.020761
1.000000
1.000000
0.903114
1.000000

Case 479
0.045455
0.683884
1.000000
0.136364
0.809917

Case 480
1.000000
0.280000
0.832000
0.052224
0.000000
0.484992
0.057600
0.001600
0.000000
0.800000

Case 481
1.000000
1.000000

Case 482
1.000000
0.641955
0.076923
0.066568

Case 483
1.000000
1.000000
0.015000
0.716250
1.000000
0.549938

Case 484
1.000000
0.571429
1.000000
1.000000
0.142857
1.000000
1.000000

Case 485
1.000000

Case 486
1.000000
1.000000
0.235294
1.000000

Case 487
1.000000
1.000000
0.310345
1.000000
0.793103
1.000000
1.000000
0.586207
1.000000
0.793103

Case 488
1.000000
1.000000
1.000000
1.000000
1.000000
1.000000
1.000000
1.000000

Case 489
1.000000
1.000000
0.092201
1.000000
0.883929

Case 490
1.000000
0.142857
0.785714
0.973214

Case 491
0.206897
0.344828
0.103448
1.000000
1.000000
1.000000
0.655172
0.965517
0.034483

Case 492
1.000000
0.500000
1.000000
1.000000
0.250000
1.000000

Case 493
0.989583
0.052897
0.346644

Case 494
1.000000
1.000000
1.000000
1.000000
1.000000
1.000000

Case 495
0.155325
1.000000
0.557579
1.000000
0.995562

Case 496
1.000000
1.000000
0.555556
0.388889
1.000000
0.388889
1.000000
0.888889
0.222222

Case 497
1.000000
1.000000
1.000000
1.000000
1.000000
1.000000
1.000000
1.000000
1.000000

Case 498
0.120000
1.000000
1.000000
1.000000
1.000000

Case 499
0.000000
1.000000
0.518519
0.554184
0.370370
0.683128
0.124829
1.000000

Case 500
1.000000
0.863636
1.000000
1.000000
1.000000
1.000000
1.000000

Case 501
0.941828
1.000000
0.900277
1.000000
0.858726
0.376731

Case 502
1.000000
1.000000

Case 503
1.000000
1.000000
1.000000
1.000000
1.000000
1.000000
1.000000

Case 504
0.317130

Case 505
1.000000
1.000000
1.000000
1.000000
1.000000
1.000000
1.000000
1.000000
1.000000

Case 506
1.000000
0.990000
1.000000
0.990000
1.000000
1.000000
1.000000
1.000000
1.000000

Case 507
1.000000
0.188017
0.000000
0.756950
1.000000
0.979339
0.243050

Case 508
1.000000
1.000000
1.000000
1.000000
1.000000

Case 509
1.000000
1.000000
1.000000
0.214844
0.859375
1.000000
0.764160

Case 510
0.208333
1.000000
0.182292
0.791667
0.135417
1.000000

Case 511
0.818182
1.000000
1.000000
1.000000
1.000000
1.000000
1.000000
1.000000

Case 512
0.164609
0.185185
1.000000
1.000000
1.000000
1.000000

Case 513
1.000000
1.000000
1.000000
1.000000
1.000000
1.000000

Case 514
1.000000
1.000000
0.090909
0.917355
1.000000
0.272727

Case 515
1.000000
1.000000
1.000000
1.000000
1.000000
1.000000

Case 516
0.954500
1.000000
1.000000
0.340000
1.000000

Case 517
0.558400
0.320000
0.520000
0.880000
0.088000
0.920000
0.088000
1.000000
0.894400

Case 518
0.850000
1.000000
0.450000
1.000000
0.200000
0.210000
1.000000
1.000000
0.010000
0.700000

Case 519
1.000000
0.764706
0.072664

Case 520
0.578947
1.000000
0.157895
1.000000
0.016620

Case 521
0.000000
0.246720
1.000000
0.948980
0.979592
1.000000
1.000000

Case 522
1.000000
1.000000
1.000000
1.000000
0.826446
0.297521
1.000000
1.000000
1.000000

Case 523
0.714286
1.000000
0.000000

Case 524
0.482759
0.613555
0.965517
0.124851
0.249703
0.275862
0.448276
1.000000
1.000000

Case 525
1.000000
0.160000
1.000000
0.720000
1.000000
1.000000
1.000000

Case 526
1.000000
1.000000
1.000000
1.000000
1.000000
1.000000
1.000000

Case 527
1.000000
1.000000
1.000000
1.000000
1.000000

Case 528
1.000000
1.000000
1.000000
1.000000
1.000000
1.000000
1.000000
1.000000

Case 529
1.000000
1.000000
1.000000
1.000000
1.000000
1.000000

Case 530
0.541667
0.541667
0.069444
0.264323
0.895833
1.000000
1.000000

Case 531
0.533333
0.000000
1.000000
1.000000
1.000000
0.666667

Case 532
1.000000
0.733728
0.266272
1.000000
1.000000
1.000000
0.213018

Case 533
1.000000
0.341716
1.000000

Case 534
0.500000
1.000000
1.000000
1.000000
1.000000

Case 535
0.033333
0.390000
1.000000

Case 536
1.000000
1.000000
1.000000
1.000000

Case 537
1.000000
1.000000
1.000000
1.000000
1.000000
1.000000
1.000000
1.000000
1.000000

Case 538
1.000000
1.000000
1.000000
1.000000
0.800000
1.000000
0.273600

Case 539
0.320000
1.000000
0.600000
0.595200

Case 540
1.000000
1.000000
0.306122
1.000000
1.000000
1.000000

Case 541
1.000000
0.116667

Case 542
1.000000
0.481481
1.000000
1.000000
1.000000

Case 543
1.000000
1.000000
1.000000
1.000000
1.000000
1.000000
1.000000

Case 544
1.000000
1.000000

Case 545
1.000000
1.000000
1.000000
0.962963
1.000000
1.000000

Case 546
1.000000
1.000000

Case 547
1.000000
1.000000

Case 548
1.000000
0.814815
1.000000
1.000000
1.000000

Case 549
1.000000
1.000000
0.416667
1.000000
1.000000
1.000000

Case 550
1.000000

Case 551
1.000000
1.000000
1.000000
1.000000
1.000000
1.000000
1.000000
1.000000
1.000000
1.000000

Case 552
0.000000
0.928571
1.000000
0.005102
1.000000
0.280612
1.000000
0.071429
0.857143

Case 553
1.000000

Case 554
0.461538
1.000000
1.000000
1.000000
0.866391
1.000000
1.000000
1.000000

Case 555
1.000000
1.000000
1.000000
1.000000
1.000000
1.000000
1.000000
1.000000

Case 556
0.086420
0.046296

Case 557
1.000000
0.933333
1.000000
0.026667
0.875556
1.000000
1.000000

Case 558
0.538462
0.000057
0.822485

Case 559
0.884615

Case 560
0.954545
0.607438
1.000000
0.601521
1.000000
0.522727
1.000000
0.272727

Case 561
1.000000
1.000000
1.000000
1.000000
1.000000
1.000000
1.000000
1.000000
0.000000

Case 562
1.000000
0.500000
1.000000
1.000000
1.000000
1.000000
1.000000
1.000000

Case 563
1.000000
0.384615

Case 564
0.950617
0.206117
1.000000
0.074074
0.971193
0.185185

Case 565
0.553936
1.000000
0.938776
1.000000
1.000000
1.000000

Case 566
1.000000
1.000000
1.000000
1.000000
0.892857
0.719388

Case 567
0.671111
0.244444
1.000000

Case 568
0.000000
1.000000
0.000175
1.000000

Case 569
0.356718
0.142687
0.793103
1.000000
0.024970
1.000000
0.827586
0.517241
0.891795

Case 570
1.000000
1.000000
1.000000
0.000000
1.000000
1.000000
1.000000

Case 571
1.000000
0.958449
0.817175
0.368421
1.000000

Case 572
1.000000
1.000000
1.000000
1.000000
0.750000
1.000000
0.500000
1.000000

Case 573
1.000000
1.000000
1.000000
1.000000
1.000000
1.000000
1.000000
1.000000
1.000000
1.000000

Case 574
0.625000

Case 575
0.074963
0.086667
0.010593

Case 576
0.035840
0.024000
0.441600
0.875200
1.000000
0.336000
0.984000

Case 577
0.743333
0.073333
0.733333
0.451111
0.033333
0.500000
0.900000
0.666667

Case 578
0.722222
0.944444

Case 579
1.000000

Case 580
1.000000
0.076923
1.000000
0.982249
1.000000
1.000000
1.000000
1.000000
0.230769

Case 581
0.760000
1.000000
1.000000
0.600000
1.000000

Case 582
1.000000
1.000000
1.000000
1.000000
1.000000
1.000000
1.000000
0.833333
1.000000
1.000000

Case 583
0.341716
0.807692
0.038462
1.000000
0.115385

Case 584
1.000000
0.960000
0.147200
0.560000
1.000000

Case 585
1.000000
1.000000
1.000000
1.000000
1.000000

Case 586
0.683128
0.028451
0.650053
0.006097

Case 587
1.000000
1.000000
1.000000
1.000000
1.000000
1.000000
0.625000
1.000000
1.000000

Case 588
1.000000
1.000000
1.000000

Case 589
0.466667
1.000000
1.000000
0.875556
1.000000
1.000000
1.000000
1.000000
0.466667
1.000000

Case 590
0.347826
1.000000
1.000000
0.266787
1.000000
0.217391
0.827977
1.000000
0.652174
0.260870

Case 591
1.000000
1.000000

Case 592
0.811983
0.337878
0.005259
1.000000
0.136364
0.719008
0.272727
0.863636

Case 593
0.268268
1.000000
0.903114
0.411765
1.000000
1.000000
0.010381
0.072664
0.588235
1.000000

Case 594
0.588235
1.000000
0.000204

Case 595
0.038462
0.480769

Case 596
1.000000
0.642857

Case 597
1.000000
0.517241
1.000000
0.034483

Case 598
1.000000
1.000000
1.000000
0.571429

Case 599
1.000000
1.000000
1.000000
1.000000
1.000000
0.000000
1.000000

Case 600
0.612245

Case 601
1.000000
0.727891
0.476190
0.875283
1.000000
1.000000
0.346939
1.000000
0.823129

Case 602
0.777778
0.169753
1.000000
1.000000
1.000000
0.611111
0.944444

Case 603
0.085066
0.913043
0.914934
1.000000

Case 604
1.000000
0.178571
1.000000

Case 605
0.941176
1.000000
1.000000
1.000000
1.000000
0.647059

Case 606
1.000000
0.583333
1.000000
1.000000
1.000000
0.000000
0.027778
1.000000
1.000000

Case 607
1.000000
0.004630
0.740741
1.000000
1.000000
1.000000
1.000000

Case 608
1.000000

Case 609
0.374260
0.192308
0.884615
0.281065
0.000000
0.461538
0.001991
0.014793
0.097633
0.658284

Case 610
0.000000
1.000000
1.000000
1.000000
1.000000
1.000000
1.000000
1.000000

Case 611
0.133333
0.866667
1.000000
0.866667
0.013333
1.000000

Case 612
1.000000
0.990400
1.000000
1.000000
0.001600

Case 613
0.956522

Case 614
0.077562
0.002916
0.517568
1.000000
0.423823
0.152355
0.894737

Case 615
0.991690
1.000000
0.315789

Case 616
1.000000
1.000000
1.000000
1.000000
1.000000
1.000000
0.333333
1.000000
1.000000

Case 617
1.000000
1.000000
1.000000
1.000000
0.738426
1.000000
1.000000
0.041667
1.000000
0.500000

Case 618
1.000000
1.000000
1.000000
0.629630
0.222222
0.703704
1.000000
0.979424
0.893004
0.227760

Case 619
0.611111
0.444444
1.000000
1.000000

Case 620
0.250000
1.000000
1.000000
1.000000

Case 621
1.000000
1.000000
1.000000
0.000000
1.000000
1.000000
1.000000
1.000000
0.466667

Case 622
1.000000
0.155325
1.000000
1.000000
0.252959
0.991124
0.807692

Case 623
1.000000
1.000000
0.743333
1.000000
0.376481
0.830000

Case 624
1.000000
0.702332
1.000000
1.000000
0.925926

Case 625
0.653846

Case 626
0.726400

Case 627
0.695313
0.410156
0.996094

Case 628
1.000000
1.000000
1.000000
0.062500
0.304688
1.000000
1.000000

Case 629
0.090909
1.000000
0.925620
0.392562
0.727273
1.000000

Case 630
1.000000
0.986283
0.555556
1.000000
1.000000
1.000000
1.000000
0.923182
1.000000

Case 631
1.000000
1.000000
1.000000
1.000000
1.000000
1.000000
1.000000
0.888889
1.000000
1.000000

Case 632
0.791667
0.083333
1.000000

Case 633
0.266272
0.846154
1.000000
1.000000
1.000000
1.000000
0.923077
0.153846

Case 634
0.464286
0.948980
0.071429
0.923469
0.969388
0.397959
1.000000
0.969388
1.000000
0.030612

Case 635
1.000000
1.000000
1.000000
0.550000
0.790000
1.000000
0.100000

Case 636
1.000000

Case 637
0.027778
1.000000
1.000000
1.000000
1.000000
1.000000
1.000000
1.000000
1.000000

Case 638
1.000000
1.000000
1.000000
1.000000
1.000000

Case 639
1.000000
1.000000
0.904762
0.761905

Case 640
1.000000
0.768595
1.000000
0.173554
1.000000
1.000000
1.000000
1.000000
1.000000
1.000000

Case 641
1.000000
1.000000
1.000000
1.000000
1.000000

Case 642
1.000000

Case 643
1.000000
1.000000
1.000000
1.000000
1.000000
1.000000
1.000000
1.000000
1.000000
1.000000

Case 644
1.000000
1.000000
1.000000
1.000000
1.000000
1.000000

Case 645
0.607143
0.678571
0.678571

Case 646
1.000000
0.002770
1.000000
1.000000
0.576177

Case 647
1.000000
1.000000
1.000000
1.000000
1.000000
1.000000
1.000000
1.000000

Case 648
0.500000
1.000000
0.843750
1.000000
1.000000
1.000000
1.000000

Case 649
1.000000
1.000000
1.000000
1.000000
1.000000
1.000000
1.000000

Case 650
0.346667

Case 651
0.876033
1.000000
1.000000
0.000751
1.000000
1.000000
1.000000
1.000000
0.024793
0.818182

Case 652
0.000000
0.671875
1.000000
1.000000
1.000000
1.000000
1.000000
0.375000
1.000000

Case 653
1.000000
0.454545
1.000000
1.000000
0.727273
1.000000
1.000000
1.000000
1.000000

Case 654
0.818074
0.538767
0.586207
0.934602
0.517241
1.000000
0.564476

Case 655
0.000296
1.000000
0.293333
1.000000
0.015313
1.000000
0.600000
1.000000

Case 656
0.039698
0.695652
0.103970
0.652174
0.173913
0.971645
0.068053

Case 657
0.560000
0.004800
1.000000
0.404800
0.044800
0.440000
0.044800
0.808000
0.560000
1.000000

Case 658
0.824219
0.991455
1.000000
0.175781
0.317383

Case 659
0.260870
1.000000
1.000000
0.289225
0.085066

Case 660
1.000000
1.000000
1.000000

Case 661
1.000000
1.000000
1.000000
1.000000
1.000000
1.000000
0.142857
1.000000
1.000000

Case 662
1.000000
0.104167
1.000000
1.000000

Case 663
1.000000

Case 664
1.000000
0.571429

Case 665
1.000000
1.000000
1.000000
1.000000
1.000000
1.000000
1.000000
1.000000
1.000000
1.000000

Case 666
1.000000
1.000000

