100
(())()))))((((((()()())())())(()()()((()(()(()((()())(((((())()))))))))()()))(()(())))))())()(()(((((
100
0
19
0
83
0
30
0
42
0
34
0
16
0
40
0
59
0
5
0
31
0
78
0
7
0
74
0
87
0
22
0
46
0
25
0
73
0
71
0
30
0
78
0
74
0
98
0
13
0
87
0
91
0
62
0
37
0
56
0
68
0
56
0
75
0
32
0
53
0
51
0
51
0
42
0
25
0
67
0
31
0
8
0
92
0
8
0
38
0
58
0
88
0
54
0
84
0
46
0
10
100
()()))))())()()()()((())())))()())()(())))(()()((()(()()(()(())()))(()(((((()()))))))(()(()))((((((((
100
0
93
0
39
0
80
0
91
0
58
0
59
0
92
0
16
0
89
0
57
0
12
0
3
0
35
0
73
0
56
0
29
0
47
0
63
0
87
0
76
0
34
0
70
0
43
0
45
0
17
0
82
0
99
0
23
0
52
0
22
0
100
0
58
0
77
0
93
0
90
0
76
0
13
0
1
0
11
0
4
0
70
0
62
0
89
0
2
0
90
0
56
0
24
0
3
0
86
0
83
100
())(())()(()())(()(()())(((()(((()(((())())())()()((((()))(()()))()))((()())()(()))(()())))(()())))))
100
0
3
0
26
0
78
0
15
0
15
0
25
0
35
0
75
0
73
0
60
0
34
0
71
0
88
0
98
0
19
0
78
0
74
0
71
0
64
0
69
0
93
0
86
0
3
0
81
0
14
0
28
0
3
0
100
0
28
0
26
0
44
0
25
0
24
0
73
0
62
0
82
0
4
0
33
0
6
0
94
0
26
0
32
0
93
0
43
0
23
0
87
0
65
0
1
0
88
0
61
100
()))((())(()))()(())))())(()))())()))()()(())())((()((()()))()(((())))))((((())))()()()())(((((((((((
100
0
66
0
8
0
78
0
1
0
59
0
40
0
4
0
61
0
58
0
25
0
78
0
9
0
14
0
88
0
2
0
51
0
61
0
29
0
94
0
85
0
6
0
41
0
12
0
5
0
36
0
57
0
73
0
51
0
24
0
86
0
57
0
17
0
27
0
58
0
27
0
58
0
38
0
72
0
70
0
62
0
97
0
23
0
18
0
13
0
18
0
97
0
86
0
42
0
24
0
30
100
((())(()))))(()(((((()()())(((((()))(())((()())()())()(((())(()))()()(()))())((())()(()(()())))))))))
100
0
41
0
45
0
59
0
36
0
60
0
93
0
6
0
65
0
82
0
4
0
30
0
76
0
9
0
93
0
98
0
50
0
57
0
62
0
28
0
68
0
42
0
30
0
41
0
14
0
75
0
2
0
78
0
16
0
84
0
14
0
93
0
25
0
2
0
93
0
60
0
71
0
29
0
28
0
85
0
76
0
87
0
99
0
71
0
88
0
48
0
5
0
4
0
22
0
64
0
7
100
()(()))((())))(((())())()((()))()((()()()))(()))()((((()((()(()(((((())))()))))(()))()(()()(())()))))
100
0
60
0
58
0
67
0
45
0
56
0
19
0
27
0
12
0
26
0
56
0
2
0
50
0
97
0
85
0
16
0
65
0
43
0
76
0
14
0
43
0
97
0
49
0
73
0
27
0
7
0
74
0
30
0
5
0
6
0
27
0
13
0
76
0
94
0
66
0
37
0
37
0
42
0
15
0
95
0
57
0
53
0
37
0
39
0
83
0
56
0
16
0
32
0
31
0
42
0
26
100
(()))))(())))()()()))((())))))(()()(()(())()))((()()((((())(()())()())((((((())()(((()())))())))(((((
100
0
16
0
52
0
42
0
16
0
80
0
11
0
99
0
74
0
89
0
78
0
33
0
57
0
90
0
14
0
9
0
42
0
91
0
24
0
64
0
29
0
85
0
79
0
1
0
72
0
86
0
75
0
72
0
34
0
68
0
54
0
96
0
69
0
26
0
77
0
30
0
51
0
99
0
10
0
94
0
87
0
81
0
17
0
50
0
68
0
29
0
80
0
65
0
22
0
6
0
27
100
))))(()))()()(()()(()(())))((())))()))()))())()()()))()(()())())))())))((())()))(((((((((((((((((((((
100
0
1
0
79
0
100
0
53
0
49
0
83
0
41
0
16
0
76
0
63
0
68
0
37
0
98
0
19
0
98
0
29
0
52
0
17
0
31
0
50
0
26
0
59
0
30
0
21
0
41
0
61
0
48
0
63
0
56
0
76
0
93
0
62
0
55
0
99
0
47
0
15
0
47
0
89
0
70
0
39
0
64
0
76
0
16
0
22
0
76
0
16
0
29
0
35
0
71
0
6
100
)()()(()()(()()()()))((((()(())))(()())))))())((((((((())(())()()(((()))()))))()))(())))()))()(((((((
100
0
48
0
78
0
90
0
6
0
96
0
95
0
51
0
44
0
55
0
82
0
13
0
73
0
40
0
29
0
13
0
63
0
68
0
9
0
16
0
9
0
24
0
60
0
35
0
5
0
87
0
20
0
59
0
46
0
7
0
67
0
1
0
68
0
93
0
88
0
33
0
57
0
75
0
48
0
22
0
84
0
23
0
32
0
77
0
84
0
49
0
24
0
83
0
19
0
77
0
21
100
()))())((()())()()()(()(()()()(((())()())(((((())))()(()))()((((((()))))())()()())))))()((()(())))(((
100
0
62
0
64
0
57
0
8
0
79
0
90
0
36
0
66
0
76
0
87
0
87
0
34
0
61
0
31
0
49
0
29
0
93
0
34
0
41
0
67
0
36
0
11
0
100
0
38
0
93
0
83
0
29
0
53
0
70
0
45
0
95
0
9
0
53
0
48
0
33
0
36
0
9
0
65
0
98
0
44
0
50
0
16
0
42
0
90
0
1
0
13
0
49
0
24
0
52
0
75
