912259
1074057
640950
506403
4978
602102
723344
5516
880592
642726
1189830
1118
302
641
9643
552
1215954
1210169
295998
826687
727414
796283
4813
3152
3082
3150
600976
556239
1210461
889705
901703
556017
252033
715910
1121668
578875
415034
1012151
7663
556027
625213
970071
7962
726639
946619
2913
4729
4295
1117434
1440224
4017
1002487
1206069
1172284
443
8018
2893
4475
6845
612863
767207
315598
7937
1015600
1164860
7101
2882
1284006
492883
4798
594925
689
1841
829926
699123
654588
3088
1204823
357
8057
9580
6647
1069752
2150
4527
9972
4426
760715
1107
689789
823246
9912
2746
6660
4837
815174
2677
1008983
869204
1347345
671009
779800
636197
3721
1002364
1079370
1410102
9340
2074
342653
366289
801768
6319
678569
752660
987702
602395
9495
7097
1716
1111522
700892
709480
1423
7320
5393
2212
757994
5690
6054
735983
9891
233571
6101
5632
338946
8464
4645
866732
1087068
505476
2441
1009829
5059
1141642
4410
1188956
741580
556602
9573
542820
540
557590
1249371
705614
6971
572036
5511
1108041
8839
660
276599
556338
688236
8647
6901
1370
451487
833123
3582
8072
250
9694
1102280
627751
5054
7316
767443
1011498
9250
9883
9433
849161
775
742491
749859
692208
843348
7377
1071938
956282
694667
1550
1210212
798188
1046500
7689
4966
5857
784083
845036
9866
1102510
1505313
811
734300
276554
7295
3360
624494
769705
2153
620444
8332
5453
827029
1031257
848947
9741
2275
877242
888071
4111
4873
5982
6832
733038
663171
6403
1360542
911481
957772
527977
1474689
9936
6883
668182
772329
564941
260
1086569
1020751
6384
683877
841429
8585
2426
757285
800679
1054719
1512
1745
673537
457414
1137
399
8229
2724
2209
3969
6328
5228
1088200
2520
8024
900020
916
1274447
2095
804868
2094
4358
1174419
7701
2584
1039928
1025306
6597
7297
5560
287
4974
9031
5184
637709
9594
4882
5233
812359
8888
4440
8890
1289921
2765
893886
8923
2501
4116
394951
1376408
5978
3701
588
547656
4873
706965
7904
1173764
636774
1157572
4447
5016
779828
745
5142
7420
40165
360237
658613
630089
676586
757582
507143
8031
527747
777230
960138
796351
686421
723211
779850
3868
706893
7506
510842
911804
1206154
9770
6541
959019
6238
3774
1223647
924273
742436
794327
654901
8833
577419
9863
838232
1177
724639
772474
4754
6331
6915
2191
798982
5773
4775
1870
3717
4440
4710
729353
537
953164
8860
8146
1064
5461
579023
7827
1543346
643738
6530
8803
3747
5690
3105
813121
8306
6271
366923
4420
952173
713945
642692
600751
986831
9697
803777
8334
597146
1122426
6896
3167
7114
1158907
2347
1028080
1035897
644674
847133
2315
7165
7074
584428
8223
995679
770570
7101
534714
757899
7183
688282
6885
7515
4855
834412
773548
664221
938259
745703
2933
964084
7286
742433
8148
1308719
1073767
7660
3232
693999
923467
1682
762911
2639
666218
3263
9228
5136
1413
547358
3566
64
4166
5476
709
2537
8178
602345
1029266
3138
5830
944
4377
850726
691341
3927
567966
8148
707
5796
1009859
1105981
1391737
1837
3816
2404
462625
862292
6765
6483
203
832743
777613
966
978395
819141
660690
1638
881989
1158175
9068
1017784
892
9157
3952
1103431
7992
791198
557934
8135
6972
9398
540058
867
1041641
1094914
571361
894640
3180
9893
920590
677622
7109
647879
8643
9298
779913
593519
432
960130
612601
1562
2208
7859
9398
1171895
3084
6483
210958
9508
9778
1021088
1016716
502249
696822
6577
8945
906840
1141229
431
8490
4229
853584
1255
5488
434664
350
576854
1027041
621552
7742
7692
967797
744
916386
2666
764972
656176
901935
1154397
1060788
1031932
1025161
970221
1042329
5571
7058
8961
6798
900580
567638
849467
1241354
873511
3866
639618
1226490
713075
848074
124773
3141
7761
1527
944327
955322
9343
927954
1163530
856571
5496
733251
9010
680011
804
545584
919564
2025
1042742
5359
9234
658139
837
933533
796174
804936
6323
891737
1365
1052216
7167
603000
757134
897517
644331
8665
1179450
517513
805938
1322
889820
1341
9270
1447
2917
2350
765810
4353
564836
730440
1886
4496
4512
6537
9867
1052212
5309
7982
1904
3817
382
1192
5829
5649
9340
926426
623845
4878
806977
707863
852462
210
7999
1079378
5222
806989
323897
1257096
490769
9481
8158
340657
7642
5587
883982
1112608
430096
445346
3586
6492
690
2514
2056
968246
3178
8252
7470
432103
370047
1292
6743
6485
7241
878389
9234
6897
2352
2325
2456
3577
614598
997
1081437
1641
540441
4792
660133
6236
1198090
694196
1001558
871573
7998
718609
1168472
944206
793714
6063
821134
4732
913
2847
796109
547534
834841
1007853
8454
357
6266
8389
8103
5608
6675
971530
1007874
783066
695055
816558
3565
2074
290538
3659
609
1073963
9649
742824
5077
7536
1427
2067
431881
8981
2772
9465
583196
813212
8516
487
418
4809
441
869
899
2859
3407
4334
424380
9029
6176
1254
1130385
927906
7540
8444
605531
742562
1116432
1112056
999107
549
1953
8459
1162
834698
592224
8188
780026
1028137
5530
3642
470269
687
1016773
599
762933
7795
933371
2569
7562
892392
5224
894009
1347
957290
8075
289
4245
970655
6975
820243
8692
9630
375443
1016454
7770
773
861578
7896
1219839
1140215
1819
738641
533977
900862
4979
7661
9100
842481
412
388795
748464
1312666
905483
9448
9150
992763
2422
9110
5401
9629
765672
1298534
7786
6450
2382
4317
3286
2705
1011898
1074266
978764
7072
6511
129
7468
1160910
9949
1043145
1532
9770
1000801
1269017
7625
6156
640891
3327
6961
3095
553922
1184938
955976
945245
6806
2798
7610
527869
4397
52
938644
5885
803365
1057995
562615
6029
3346
145
3169
3822
756790
6081
808455
3948
1043282
9991
1008494
724491
8654
547805
873458
3654
521804
666185
529
9910
7653
1064137
7477
3221
750740
1159270
968530
958143
5099
690
182
5656
4849
679718
9006
918952
4549
4970
6939
652805
4717
558772
354770
3596
451
7989
525827
266
767496
827583
197
517629
800730
9430
4473
1510431
3247
2323
949
3731
4609
4108
9554
656493
5683
8859
848302
987813
532124
734025
2537
392
1003276
333
544708
1173
2851
805087
9485
1016003
810363
836502
1410
99
572275
961265
2197
465269
9727
1372463
543273
5685
644983
9524
5304
2483
8803
350
823535
2612
741749
1096
257
768911
1105548
1563
642472
593585
9742
769584
4839
1767
1866
1112795
3366
491444
658132
695348
3861
789379
467824
876
4279
7020
8853
2449
770144
1021732
1802
116
148
739139
798403
2714
151
1140405
1001686
624505
9513
531468
648092
940944
936337
855559
7931
804563
946271
6606
1666
757923
8216
994546
907449
829
550
693828
6764
646664
3534
713082
868339
863775
731986
161
1004946
936277
5622
7483
1098
6131
795533
9052
4166
1571
7896
9116
1732
783972
531827
904064
7422
3022
3438
416361
979288
9211
590389
386612
826650
8849
3485
723233
3925
703552
686004
7986
2674
745436
997026
1422444
4733
962088
3701
8071
2988
1081050
545967
2367
6229
6167
614516
735147
736077
456799
2206
3654
918036
8374
672
675184
3961
520274
1857
521298
6509
769618
1304586
8052
847795
5713
7709
899309
406776
8506
435720
540863
3648
5529
518569
601
5706
343298
1136880
1171595
635773
627785
644685
1011402
711349
3366
7876
549128
2786
8365
3961
756899
5204
652590
6661
1344613
901182
586801
1048
3860
1454
4736
7945
1233
1034560
4529
1038707
1188096
7712
9023
7150
9810
9468
3376
843586
607231
472194
568351
692610
6228
1963
7963
848914
3056
6512
837199
550773
5944
1907
7963
8771
1128133
6696
510513
686880
150797
640558
668
1450259
860816
817021
942791
1071173
645425
496004
751380
653299
4615
4013
5773
1150612
749090
538529
434608
6193
738218
614438
5962
524615
630975
657474
4977
6534
1050322
958207
6731
6036
2768
1189
1028935
2636
3667
1054046
688424
597815
7010
243109
1144
6903
774627
1209
4127
1075754
2525
156
1557
605725
709295
1122260
6972
7376
3907
732114
1413458
8907
1055728
8525
938394
569207
832618
3012
5855
9075
2553
1215833
1987
3979
1180619
6258
6546
909958
625083
7965
530643
5382
3521
9041
658919
6475
577052
7693
1216667
1008
4679
1090222
2626
2775
8269
593830
5311
3235
1225090
5330
9130
5499
2199
603326
688966
868233
2012
9438
1189623
428451
1408835
5727
544319
708531
9208
697784
372373
7522
5349
632047
1810
775426
954339
4988
5514
357060
5522
828368
1155794
482242
7999
1290
463970
1293
632092
5586
770293
6975
967032
3843
823978
608844
8312
1031347
8679
8607
3892
1897
1227626
633853
1029950
684280
462631
8628
1024425
988888
7314
579435
779846
4770
528601
678653
1142918
6129
657936
7057
1305
8486
858056
484284
7436
195
4971
737260
8681
658731
575473
9829
645704
4244
6070
485163
826840
5393
942227
1944
668697
453488
477302
816788
2443
757667
702137
1127893
1088618
818731
907545
2460
689124
1162176
4799
640030
7200
941404
661888
738091
2862
8285
997978
5525
293527
745555
801414
670910
3964
598979
5150
211127
1214658
9180
434876
884205
8169
9398
884390
8111
261254
962331
1037
683192
539342
979891
1948
932909
738073
1070536
1026680
6467
587388
585690
5869
3089
733394
8121
5514
567826
940796
842280
1039987
6986
4529
5190
841931
2028
615909
738350
6707
707266
1090393
2909
906460
8283
9347
7437
1119856
6023
924
676988
516747
1045197
7254
746467
3305
723759
9750
902841
4418
4998
738435
9134
6946
876012
2993
1037301
801469
4139
658968
4959
721
957038
687670
896
899646
2367
1107400
756007
7901
1196822
9614
1181
8943
2243
5708
627712
6989
7266
7445
2558
466
663448
6909
673786
1174755
7578
7189
748719
9866
801896
675388
1940
1134
5306
1793
5941
327
9930
8985
5147
1181234
522561
5184
7054
689764
726102
6621
702419
8925
929231
1324854
2661
714176
5857
620
763645
763479
7956
6875
1642
723761
2819
568
2084
494769
717
1096203
404725
9366
1338084
972126
7575
553389
869513
2795
5331
5366
5419
651408
164
6515
8030
4759
899246
4175
5168
949258
1033875
5669
520640
839067
831020
585297
1875
1291
6262
606919
5015
6559
3631
802547
6977
1335609
533324
923935
182007
86
526995
977379
711284
1195645
984320
685779
1087282
630061
556167
1169647
1333465
149
9109
822729
5698
6196
966884
598119
1149779
2969
625268
7823
768474
978244
691879
285858
2522
691946
561
737177
1384
4160
1008108
846907
728079
269
842022
7060
1027156
9684
644297
3208
3710
2432
900850
1179910
809047
881241
631886
795
9418
1104736
2013
545425
4827
8367
4942
333
2869
684342
454983
5159
268248
559734
451645
7536
841280
1055
6747
3152
7663
473257
563698
455387
734568
950168
1021200
1286956
841331
4280
6621
689616
3685
4716
275492
733184
733220
7276
885341
4876
595
380231
9749
704704
5365
857170
740090
8435
6962
657608
494377
1110174
4537
5412
878735
5903
7707
956846
729572
2060
1015838
1115737
1273470
5873
8789
6540
3661
7991
5040
7472
480375
3615
2113
9261
869155
6044
784134
1532848
785766
1042765
1823
584968
697412
770238
482816
18
709360
1188
8851
919683
5573
3826
877573
1419936
1226299
4999
546607
670985
9897
761002
1173531
9129
968353
1530
790565
815225
912397
6839
500482
623715
957408
607653
904158
5846
424444
2775
8383
1389
704329
831519
459849
3124
683515
690095
4476
7567
933181
8682
7293
405370
2728
1238061
4746
655129
4549
7910
281
8709
4995
4963
704426
948690
830853
597926
847007
854624
1187409
4512
3442
1280416
6425
1061775
7589
7064
484903
5297
393686
1332736
394735
1432
1485475
7896
7801
742615
544497
1091505
6749
495866
9787
5407
2004
6318
8149
5909
6836
3783
3895
8968
3773
704002
1494270
798137
803480
2847
509916
177
560948
891243
658249
448658
1156180
1012471
4099
9250
4795
936522
8653
5296
676923
980437
4376
919960
1275
1057
8521
399401
250518
653762
4909
949208
717235
1031873
4038
620287
891579
7527
2539
1142824
1143654
7436
1032150
8108
831441
1024493
826632
1221281
692112
648111
321230
810419
1757
1440
726533
731318
448042
933728
958080
3493
2435
1002573
958161
574054
902200
374068
1217795
7552
811534
738693
8062
2491
1264467
555526
1134841
3909
704809
7162
742647
472703
1785
474327
818486
910158
659921
466899
895781
849774
8913
5901
8976
6341
1018234
804798
876431
8232
3723
1337
1156137
790639
6621
485350
524725
9334
708444
537435
2000
256633
679970
1021814
692620
2571
1095533
8042
917886
579955
974130
8783
3883
6924
1115063
426546
112
948388
696548
701579
810688
7740
900655
3276
3162
8647
4163
907348
626627
7926
6702
895461
9238
5011
8970
807232
3487
2110
9943
684665
876295
793705
624
6965
681115
105
8939
906720
1137933
4630
730
867067
8547
2681
1156
785277
371412
700698
4374
1077744
833161
8604
775687
654091
1233993
6385
9952
4957
4004
949
680579
641464
650944
2865
594822
570311
973354
1078083
4495
914144
725177
1306874
1094337
585267
1082186
317
1602
4134
767523
1956
2539
957238
4751
6735
1244582
6369
635794
1544483
559378
2216
978010
4186
5165
9285
1190707
1041720
508705
3673
6074
530
691202
664
886604
910145
347
911177
604189
2127
912665
3506
761257
1278536
896978
1092907
932108
8848
802779
667550
4502
6265
1073740
4455
8881
4217
611655
8302
1217
6792
287
6226
871313
906069
1114006
7234
341402
891131
9045
1044164
7172
7840
8403
1017422
7710
5876
5016
620970
7997
9263
1006167
9561
617668
5549
913571
8776
1130926
6778
3758
664506
734881
518778
665897
980476
4948
1073479
3074
8762
1032683
1178770
1055080
2098
725196
2930
762774
7550
885865
920135
9154
2166
44
661653
890058
906879
5452
711
1538
914675
4304
458422
8154
6442
8814
296363
1117578
4123
4382
566078
3741
8929
1332925
988793
724725
725594
777850
567352
6066
6272
834891
1227141
1244840
504304
422575
434772
1032
979375
2590
685
4100
6613
8612
393419
4770
9931
6942
8777
599292
1011876
2978
1131614
1295891
3680
9729
1312763
238
567043
9999
5373
379
5657
1246
1221135
9934
3210
1638
8242
849285
977505
3996
8668
1049683
874
2807
3792
460727
6087
524963
755489
7599
559704
443034
1151422
3471
3698
926123
4409
7021
4361
923318
7279
753276
818056
6827
676666
672360
9038
7596
324
7086
1023565
572145
972800
260703
955274
1048742
354250
2812
671641
968519
767402
8805
9106
1102792
1045011
408666
822648
4160
6669
954480
6676
820254
8896
637937
9226
7101
1007174
1010174
1135928
8614
639263
7441
1180004
6117
1413588
5445
806224
884586
3001
367
8497
366077
7919
1068563
869471
683200
758510
4986
6799
2367
1390079
271
660148
158
8781
164
9599
986887
716278
6254
2825
3970
1228817
586062
775256
1477
1120662
6966
3109
9302
4157
1005128
748121
849700
799708
1128289
499
699180
2369
808540
407041
9621
526376
4445
7306
819911
1362787
2797
731569
999067
1113323
950434
1022228
482783
1318291
1081478
7484
4323
3050
6435
1380
552
487458
1644
1390
450
8545
1656472
5108
1072916
1346379
2199
3687
522034
4719
874236
419094
3764
8162
546
8758
716159
712291
572438
899617
9433
1249633
9906
1249174
686760
7312
756741
1446
1014691
1890
824909
2805
521
7805
6126
7652
400
1548
8107
693844
6730
5870
3537
1847
644
7040
999674
8982
5622
464598
1179917
595013
1616
584736
6199
746892
1533
567529
846398
828432
3950
9156
2599
4334
862061
1414424
713595
5323
576061
9689
962307
779539
1786
9074
3054
1237532
1359587
2533
1295272
4010
850193
7683
555244
6669
1545
1133294
4637
773477
3403
4241
1128315
502918
6096
9307
591651
8583
1094164
816859
687
1428197
1141801
361282
928260
1051705
3817
928995
5013
3771
7943
592
468
9105
3536
2734
653258
9235
5227
636161
9554
533543
601405
2779
561542
1095045
4959
808165
618384
989787
3035
5688
1644
7268
9001
6920
1340533
9727
877529
4038
1086689
3262
9893
1163399
9216
8749
1099684
2841
1273
2827
949406
852501
2204
1194145
791214
1145454
1486
774863
1203989
783950
480873
1366198
3450
737358
1022578
1553286
3842
768161
742361
7824
1736
3623
612639
8248
6867
1152257
681742
922441
657167
7565
975971
3045
841124
5933
695842
630353
4384
52810
2887
6972
7746
876439
3791
4359
1192858
1115009
6174
696720
477239
428121
6325
5773
5609
1099662
1103642
1006539
666826
963513
4170
2806
701489
779457
5957
683249
686478
6879
8049
4510
644928
698385
1280081
8762
1478356
1058617
1117
1386904
2464
7306
4809
544
811052
194645
715544
2344
732865
4282
5264
587352
8463
5977
1145206
975
455502
7834
1543120
8515
532136
382
7159
383203
1340
996539
6678
1330467
540
631988
812448
653622
670797
7041
2888
7927
1860
911488
6218
746124
9066
1358035
1121963
1001120
7844
2283
9257
5972
1860
1037768
3428
677320
4035
9391
2850
8286
850267
7481
679207
6618
510553
1076740
431305
9730
5080
1912
790934
723171
6631
956853
435100
653916
9028
692208
8010
749
893318
6035
169293
2922
769832
2328
4251
5720
622208
3029
416992
4902
9663
624732
2644
9120
845207
4112
7991
7018
1095
655543
828528
685601
6082
4866
7389
849004
7700
253831
873132
7759
1049574
1033674
5347
9869
1110
6853
939
6417
593752
706949
7021
629588
1016363
7158
850125
655519
775345
8018
787917
1267580
554596
93
737855
91
938990
966116
1686
1260084
8657
1180554
8874
768413
1995
931178
426324
894810
832794
344720
9659
7964
4894
561255
5632
145
192471
691583
930748
3129
1015693
629049
5361
4590
852648
641903
206655
898627
709488
548881
1070171
636488
9018
1352
1895
5078
1315063
753547
3447
1988
604622
827446
1311
3296
773018
669491
3336
7684
878781
2020
732230
863618
721288
752509
9298
4506
877933
1981
851714
4022
692404
506495
396080
963000
1154874
687738
2799
1039038
725444
8423
3424
3890
613427
402401
783539
5509
3144
4861
5027
3624
5690
689529
369721
1056501
9508
7654
2919
1219
941576
835775
918102
1005329
8241
827911
6770
4910
788185
7627
831825
919689
9626
4630
2215
5295
5683
899587
7759
1046626
588477
687819
5876
4
8212
5547
634229
896081
6183
6466
1300627
4567
6797
747266
3281
327221
2786
4636
534638
2838
769647
4233
730736
8511
7711
3502
3852
8038
457
7085
838927
9738
4471
737343
964122
6863
426763
640256
417
757323
9762
541580
438070
9414
732
820554
972841
5744
371616
90
5475
524257
1077
848
1454
7283
133
470901
482
1029827
1095
6647
7997
1036151
720092
6287
7412
6876
9802
2670
869259
777329
265
4592
9566
1829
1619
8641
785653
784300
7623
800374
3455
9329
346
592299
9847
5809
9775
3816
6371
719421
895217
4953
1203077
963878
867646
951507
5055
754068
1267597
290033
6148
1246667
867740
7791
846011
4437
8230
1286255
1063751
8996
7866
873538
806192
536518
8352
475
567215
994319
566808
810857
963103
9044
1775
4675
513853
9486
912605
879550
5663
1004166
741593
1074
7686
371751
7066
4055
900578
823129
760607
1189039
338263
1204839
6972
8598
658906
2822
518781
1577348
838111
594049
294
576164
7597
2226
748557
0
8119
894463
431456
4790
514
743473
9875
640896
3049
7736
725385
2153
8298
785886
433643
924925
6554
6709
401015
742161
1413059
385184
250
5178
8603
781
578338
3584
445678
907444
5089
819521
6118
7422
767939
6849
603466
526
847348
878292
1197996
740546
2480
684400
966304
4702
7545
776050
7718
5705
561560
3245
5031
487462
1792
5565
405786
5508
8392
844947
1707
2119
848788
6936
688
620848
5555
850319
1062403
7702
2454
655
3417
615132
6775
8791
698234
909930
5848
773440
4421
837982
1255286
7734
643476
510
669317
9224
3833
2638
8129
374688
1814
1349523
968275
3637
5359
6735
525093
3647
4259
715939
5445
2103
842433
770994
1114
7859
8605
737311
7917
3194
1587295
4343
7836
7900
905390
537489
1043397
888624
4231
561
851562
173
7409
2819
551260
66
1016613
828737
1149
963609
442
1430407
616
937924
8393
1148391
838311
2534
765788
5370
3232
624859
523854
317
6443
825370
797594
849066
954412
1465311
9188
7427
2994
1002
931359
623458
2540
883757
663589
8672
418024
1712
8078
1045480
687394
8137
391151
743875
659247
2265
8393
1056517
561000
3784
2909
9020
710703
909478
364007
6424
4751
750328
811525
431206
1220384
3552
9452
1690
5701
749229
669380
2693
2286
1390
1029
1270
4769
930911
3646
3920
1297012
3750
1057
603258
8340
9062
418973
697381
2455
1040693
5634
6110
660452
619868
5873
1418356
1014289
9472
372695
6865
727391
8704
750197
5467
744918
342447
7044
4868
565590
564441
809199
5714
697522
867619
8381
796376
514
8543
4993
746079
91
301557
3983
996187
9188
790552
959568
3944
6092
5412
955990
443675
1101765
6353
912539
871187
481421
605570
9315
7424
733887
618895
774646
762209
674979
1068112
7785
1098635
599
726969
820485
1169994
942470
9756
8744
1173
2699
630304
923923
673474
703
652
578538
7451
6556
1153554
9320
811529
2740
1341
3975
944257
727258
9463
1107539
1110468
1071535
8834
9194
7419
704442
363
578830
462080
942475
663121
9888
901083
4476
3286
438252
984351
922606
1184807
732394
661641
9085
1031562
1739
648741
668872
713857
1998
1099346
3239
688388
1206750
388
6996
605635
3454
416957
1244046
1869
891311
940538
2916
931480
934953
1356703
5881
940625
1113488
842105
6852
935783
6321
877892
4443
465466
5793
9601
5735
1094087
650958
763364
1266040
2561
1137
800334
8491
9609
7982
1252078
606100
1110378
1126311
7280
3367
941982
5977
1171467
6510
485774
7041
291340
8760
2931
609854
3531
564716
133
229
748754
4819
3431
997208
517583
7654
1175311
9493
6173
971325
1008585
9023
6881
841553
3985
239
777653
6595
809461
1500785
1178319
9998
544272
7686
8871
1170204
3619
8530
841502
744024
455928
761622
942450
755168
4819
948751
557965
2157
3068
1173848
1031729
1007060
510011
2018
3930
819277
910190
2280
1018
2163
931764
8948
824442
827503
9654
1727
1552111
6279
1187693
5890
1144775
8587
9935
1018881
699947
1029091
676228
3234
2796
3642
8308
6938
6271
1009463
4315
7943
5579
1073690
537820
4166
979704
7351
998810
974952
1062198
9186
1101408
872238
446362
991327
4643
935701
804331
754449
711337
1180241
644
735221
764049
7370
740071
1224691
3016
901814
510
8744
649627
503684
4465
8491
825446
4438
7336
930
3929
9624
1208271
437482
547582
956842
4196
56
1575
1376906
305
733902
2740
1074225
944496
8293
4260
1152862
5701
5457
643347
2309
3761
607459
6955
3090
6904
6029
923486
6459
6497
7564
6331
712407
642994
2186
1403
4475
8004
9823
230
229640
294860
658281
799246
295867
807459
840637
402
427068
1995
2080
8383
947866
563509
1120490
695491
887701
570128
770397
896793
1062294
826260
5634
5877
655079
721834
1844
2982
4886
1076910
8278
7170
1220237
8327
664925
5126
650803
8383
3213
484
7693
819153
922298
5396
635482
2290
5920
436741
1072674
2616
1058328
9272
941377
6937
9793
7593
7204
6261
5339
573119
510771
814
9018
9976
899464
8298
467416
732
956
6991
932773
4630
126
1324582
408
8198
368
2302
3035
1013728
1056448
7984
1033651
256
659296
756939
1937
3048
610980
1244963
9188
740700
460
5894
6272
2435
700079
1928
921646
8377
528670
980441
9762
839354
7154
8906
805768
1390565
928256
874718
4236
9619
1276
794474
4742
424211
1206176
820853
609713
975
3206
3322
1180816
4177
6909
2567
853715
4944
3987
588256
8605
949054
8569
740020
689122
496494
488522
493111
672951
6408
508
1234529
818014
1186881
2491
913061
831007
1277387
679126
2571
4150
4888
1303942
4910
789360
652177
671958
1005003
287
2923
761971
3619
704803
712622
1024218
385595
2786
582690
586820
445820
851632
1076
8038
264
478372
3616
453871
1051104
3112
749843
7346
6097
1007632
908958
2781
9095
1047380
1248810
6809
2467
500326
731222
1076654
7298
804319
629253
1053734
774421
7308
638
894274
6956
753413
630105
6856
375527
587750
2422
797749
5175
8135
810247
5122
970477
1144316
743896
833251
1009839
982798
641341
1259
1382902
5914
397752
555906
4308
699554
6182
4482
460894
5707
3492
2645
6698
8474
4918
924359
463722
954550
967744
2369
1121474
1031540
6409
702
8809
615449
1324039
1124667
1574
7921
7791
6785
3015
8611
959421
670153
9334
724486
945020
897
2837
2911
5708
7861
6533
9104
965
1028060
939597
1415
4145
24
3694
485809
1641
5682
5841
1146073
1299
5075
680626
8153
8104
502949
3286
619481
5634
975214
545941
787280
3303
6030
9904
845547
1072193
311
3169
716380
4685
942020
5357
959515
741
741546
1931
5592
1247720
462020
711503
4673
1823
1357556
958449
8411
509307
936368
914912
7284
923485
839626
566436
1018981
316
3489
874784
855689
9880
8263
1324193
1096702
8860
1054397
5579
628375
1067952
8711
6238
1049110
756568
4988
8630
6421
4048
7681
9597
3344
1042489
777153
3593
714903
575664
161
4839
3810
1071548
4635
647075
4704
5597
9575
8221
4909
1155647
874207
973030
585769
689780
6855
1237867
699706
694258
909357
399227
984044
1048927
901623
951640
491519
8821
7734
4861
5501
1191698
703868
3844
22
1443462
642452
6344
533857
3057
3179
832267
871996
1949
8791
9070
4570
1079953
1135375
826070
1173752
695690
678530
1162092
1152644
7448
9386
7246
1114479
802148
1022090
6580
1223957
900445
659676
713521
723
527959
273776
560996
295202
4848
1078686
9023
658720
965873
800117
665949
3194
759020
3442
865034
1024658
685248
3561
770285
950862
5602
4574
829604
5893
3292
2823
1055177
5990
628900
7388
5604
653790
609467
886143
3791
1076483
2272
6615
982215
3070
762504
774844
775353
741300
963469
831518
515143
1005903
8582
3496
8409
1989
471392
7905
6194
9751
8348
3139
3053
4817
573
5443
771279
2853
1284581
1216635
1187771
1319932
7996
895809
567145
757339
1012304
647
2753
590253
477
9741
4794
1448489
312002
950442
1046181
920
641950
864183
3445
8071
1230569
930426
411041
1232769
6334
19
1095966
7806
4166
408491
1287735
1072
3705
1179706
6670
838749
9933
7915
694386
658
641297
9360
363987
502164
1344299
941934
930039
4607
971577
1097
1094729
4981
9883
9345
5664
9746
548425
1356813
857821
9349
753433
6130
9472
611725
3685
687
7490
657326
7253
564827
1082630
8019
2092
1093254
707499
5603
602924
9518
1568
643014
828422
8755
514
7921
335236
6382
656190
2784
5998
2884
842002
6104
977701
3748
5600
1144752
116
1526
6347
965833
3839
8653
915004
1062586
632668
695757
717
1348
5319
9991
8432
693900
833121
789785
795044
764158
2835
3658
575559
3271
9954
6484
759542
3408
952325
660622
5566
1000366
9088
1093189
18
8016
726981
598731
970114
573798
635375
8531
1706
7574
4999
3075
421917
761548
575638
7064
4102
828960
478591
646591
746279
749164
3713
984020
701782
4983
6646
8100
5707
989886
780168
1023412
906941
833083
8861
606269
539
919463
684299
656734
5382
1393885
635267
698030
9075
854180
747166
2243
3264
897481
848185
1016376
1077746
372158
1125798
1945
7623
1336011
9363
641659
855685
5209
5886
4863
1159952
1247649
1024129
437596
528368
710322
9179
766
744210
898989
4773
526164
19
427923
2138
359062
7017
886408
946111
403963
1351
821419
627893
623035
7317
9391
456
439670
958276
9121
6721
890197
5257
1226
378307
913102
3858
8408
250892
1286
764922
5490
741072
1200711
1688
5804
1233550
1167575
1251078
966834
360
688442
8598
6967
6143
977020
787489
619561
487084
4362
793282
5326
624774
4460
3031
910633
656595
8073
363173
824235
3380
1585
366210
747585
1815
3878
561520
5572
6290
5435
2963
925108
7314
434844
9916
688816
301
1593
620163
1072
6263
543309
938614
2738
787996
828711
7313
9897
714000
1659
1043994
934040
651005
4786
1005
923170
748506
1455206
595014
1855
6126
764346
514621
510200
867936
1063293
1162992
6896
9999
2469
633540
1408
792024
1075816
7769
5353
1511136
1218010
5799
791066
7584
9918
416
751371
6958
4906
801280
962144
714939
3620
502076
4467
790001
375
825222
755237
8915
6113
9298
1398981
809574
812460
4322
9191
690118
691210
2547
1111280
574718
8069
3632
1050914
1080
4756
1053852
4598
6547
7805
5455
365764
7935
910707
6084
4785
5780
522828
706822
6874
3288
651241
913470
5162
778088
5103
8173
1857
9249
5563
2577
719866
607405
5494
895030
678380
1112976
3323
893488
9171
684745
933236
532877
3407
1107
1015634
955662
6821
5303
864970
4605
676532
268196
810463
3528
871352
1237985
4491
5487
3267
3543
6803
2045
1019677
4126
431480
8866
7838
859295
552349
1023454
836459
949691
1275
968754
9990
9009
9247
972946
585393
873998
4885
2220
1333187
3845
883356
5340
747563
1292325
728
1003390
1765
3269
7352
720931
838939
640255
1051047
1559
3613
1045578
2755
7446
660208
894613
716146
1102223
1027445
3920
5454
5452
115
9132
127813
1596
816766
1005657
7806
1058813
1203
1934
597000
540680
9963
8817
880104
1033
6549
884521
4587
761386
7253
614862
3689
883939
1073147
995044
737957
838
8758
8722
603
1001470
5986
5130
567043
8274
716762
9497
2071
835248
7317
948172
196
675921
9015
751047
5199
892278
661049
1902
618471
7687
400668
927518
299550
9605
1005684
530686
692987
9427
763102
600079
2166
9717
667416
1289404
1754
1299
8596
608912
5174
8656
1914
523113
460
7627
5821
970694
1068666
1217409
8959
5029
657182
454696
9529
1009869
784303
1198
810396
9628
464
876365
528343
8103
7398
1253
1031003
973471
1227275
866672
8453
1184734
2363
616103
6465
2796
7612
1022868
1081221
637982
698281
764007
849583
1995
4226
6160
655436
589238
531
9735
4166
349523
7813
698367
935949
1481
6554
6604
696723
7369
1788
996021
3678
8359
2458
4912
555939
790090
1016929
1212807
3952
7349
809572
3858
450355
8323
921097
1100414
851
9241
180
766998
1008894
972471
99
990434
806433
2262
9381
1462
4230
5999
9849
895071
1322386
4423
1702
6525
260
7365
5383
372415
723338
942101
522064
3533
1414
1239674
4862
1140060
4606
157507
646421
974067
855273
9262
838419
8477
1541526
9957
5727
7592
6116
690890
1691
774306
633392
909552
8939
1117724
6997
1405
217
1097591
667230
1047596
1065256
5724
670901
967734
576
858755
600659
827092
800956
1167801
1263037
753770
737667
484550
1241
943348
1132604
4145
570018
800604
949814
524968
6125
5731
1044028
1138404
367513
621112
1956
281818
526
5700
609959
8653
5132
442449
706656
1023802
1303560
772308
7565
5481
513368
666511
9166
6170
582154
688722
479594
5762
825997
2108
991758
6394
904108
702179
795651
699833
290596
1118193
1144600
9701
1252275
191893
1544246
1018
499727
601367
6933
852959
811131
419343
8191
818807
576492
423555
855785
936023
6651
494763
4906
735795
734976
530
846041
614363
1019384
1121508
1221603
9308
981711
6686
276410
7554
4210
1332852
1108012
673479
669952
9438
907935
697192
470
724003
858
861871
842434
7566
5407
944220
613772
857059
2764
2318
862844
1282683
6141
1191980
2115
440402
793374
7000
6048
148
793012
7665
8053
8727
360
1441998
6875
9872
701375
1197138
776041
988012
9531
986378
1107
860104
1185704
9306
5682
5316
6420
8221
4363
1203231
918632
1474483
3824
896552
4307
685112
7447
1565
716627
1046445
601521
569652
1349
1009636
645417
8215
925388
7096
2921
16183
818320
4573
485254
896790
776
732336
5385
728
799944
2551
870499
1018907
5584
9566
770993
487438
2927
584721
1758
777323
803799
3482
522309
760114
2296
7633
657229
4493
1037488
772
1747
5678
4518
8129
1161
527888
4056
1494706
1225435
1968
8495
1016226
5013
1306844
999322
783573
843328
722717
683382
790
716445
615463
1255159
885972
9475
1125166
979531
522988
2489
7906
5206
7399
700944
4113
24
9435
436045
5798
1237
1843
1004153
6239
679941
1165369
4089
4706
531336
2583
5720
1269993
1322
580794
1316
1897
1991
4605
5157
1009755
1218436
3906
797325
9248
961793
3914
4471
3432
613111
541746
964974
756729
661452
8296
3245
8682
867264
356266
606081
447099
479
7793
5634
1301953
226
1108744
573873
7440
744510
9314
5814
5501
4154
977117
4811
688
7771
893950
3540
1167190
549534
802375
554258
6127
8380
4245
608790
9499
542576
2208
9730
9359
925618
530
1300
778057
1251370
6977
934069
670486
9116
1217402
5273
890162
4500
78
525349
1448525
764359
566742
1188
441642
9339
4233
627079
9745
927596
1212238
684493
615274
4809
940281
620628
1030819
984049
1154
6375
9306
1195260
5158
610143
829829
4429
686095
989009
1497
933246
865686
1007172
8020
1801
8376
700944
778502
6959
1060130
809951
1164748
1100579
8556
1847
828699
639249
1732
1737
552
7631
451
670199
721044
5198
9426
6239
1729
1239
387
744754
5920
623253
4309
994835
927283
680947
5356
816
1134
5353
609048
925298
837722
7688
1227
2590
8652
2501
1138666
611428
8982
610714
9508
1841
7229
628304
955522
1152652
460914
961677
458012
1205446
2141
884372
697039
651476
793259
438798
1716
1416
954170
3616
898455
4046
1025846
899903
6888
204
7631
530351
803740
694395
5832
8605
870839
7689
8446
793405
763230
922230
8189
6900
9617
915
7897
9999
986417
1224463
794159
1034634
3340
8358
3252
7929
859709
1180134
493067
972427
1072471
364
605573
9886
6875
548134
5199
615798
891882
7947
6175
770526
8133
7352
6587
847959
722773
7375
7717
2016
8524
920716
7128
973284
886511
984
4162
6506
5872
1396089
509261
1033851
688509
1041981
877800
693582
4381
4125
2031
559209
1009054
729937
619530
6375
4349
6830
9500
873503
790607
1129738
8764
4889
6140
7050
1163628
2714
291575
512755
524364
1063126
721242
561048
744073
6123
1173846
798533
437427
689919
688696
3824
1285664
6872
708044
2501
805621
3825
1217
4609
6979
9486
3674
558454
716935
863281
1561
2210
709474
1065
9686
158781
9618
440710
791334
2904
702249
1420686
5483
7926
8353
1150661
931376
6989
2829
1256
574647
683071
1139259
2071
651981
960574
6690
506035
7337
552427
7836
2977
442514
856712
860
4429
4827
716074
2574
831759
3171
7197
483574
1214496
1198
237
5131
1404258
1671
718129
3128
738056
739715
1056945
736546
6763
499178
8541
1183310
3492
865603
4093
860306
487119
638164
975906
762466
6086
2736
1215402
374893
851567
3582
618115
511570
1632
901644
841231
9966
416930
1167308
7497
1073983
984046
5434
451067
1167235
9770
6722
918041
7033
4081
3138
739181
549962
845351
546403
4040
204875
6461
9824
1146591
1018944
922466
975021
824253
1031
4402
1083371
1950
808832
7077
894511
829145
995155
668820
599400
1763
7376
790123
757004
180
5693
681862
742514
1041150
887862
924212
9655
800085
1830
8583
1085864
683421
9104
441441
560263
593830
5219
1180266
1296602
659665
662244
379771
7028
1131045
903587
927787
370
8624
849635
619173
859503
1061
8154
1021867
18
1706
210
589636
6410
2333
1899
7486
998373
597439
8178
6923
6395
5557
868121
7405
350
646192
987574
8725
9215
5319
906167
938496
459270
921
7954
4319
748852
3897
1053
1091
2748
2682
542543
1100
758652
455058
908678
4489
4435
893329
7622
869529
1322
3110
9193
987687
8545
960374
1254332
760764
938400
5751
667566
677617
929415
2396
1435
9269
935738
625802
7430
686776
985450
914025
4331
5198
648277
354
6196
3770
832432
120
7795
564562
1180
5076
602212
1051506
2418
7009
673239
2550
6265
706209
744218
3438
815545
4055
499926
701884
770090
3158
3015
984128
7803
1587
692276
296755
1239
5541
3160
897
3959
9874
2239
877652
6440
3653
953678
1509
5316
940
987327
701918
3045
463604
597408
1097255
4370
9717
1734
567999
1265
1030777
1215779
1060003
2978
1222416
3858
965537
884946
7875
900814
722097
431206
8852
912517
871798
531
7459
210
4562
523291
7180
1066
745877
818524
2100
560535
876495
7926
279530
7109
388927
1006641
1017486
593145
1039879
3164
863894
4488
1583805
789199
784258
735957
428741
1003450
288
7794
1082937
1056579
595219
4419
843764
628446
1322980
2416
2192
525580
736505
775416
635175
4425
575251
6670
6360
561149
1001069
880
728530
756508
3619
705356
945840
1062952
3542
579337
3807
5298
4577
668951
5032
851291
927996
6885
8567
4933
318625
2056
737634
5722
324200
1271683
639630
6083
9428
501462
785
4996
8467
9530
7294
922033
5149
961876
703430
730625
4733
3932
1676
654980
1807
1363
8279
977
736504
861990
928377
5815
869687
3623
731876
7519
811784
5783
5603
725
1214407
7687
1030941
2704
7978
7839
912608
640390
1836
2869
1151
5548
7593
919799
749390
1305
912177
849293
7515
6772
6860
7506
964950
647344
744018
2827
1002145
591049
1310
6926
4858
6344
305453
8455
905183
1278848
7029
2566
3333
623512
1059820
5766
596722
931866
2129
8984
3459
1753
4571
3628
6037
795559
493
998510
583400
748979
8891
3005
6735
7793
6645
902459
3059
634398
6428
993584
769402
706532
4047
905328
1025827
712088
1208
5985
5177
1181084
652881
1195
318
2075
2836
1261
2370
6739
832153
3866
9886
876604
5534
1350597
981661
484
718365
634714
2302
1024903
895654
1551
4722
1131183
3896
8339
603
9755
494037
953984
838166
786001
768684
5271
611601
5117
919568
5485
900679
5065
592670
804754
4354
8918
4582
2290
859839
3278
1875
724144
4177
6667
873
452
6552
1212408
355154
449134
841548
779820
898201
8331
7596
568478
289
709610
644207
673052
845590
9496
667934
1348496
2592
1369
675897
962775
994348
793799
727587
7404
9693
1100942
775719
288192
539443
683147
344779
3614
890
615644
1103942
8307
914446
1169656
4076
8157
480289
7360
6990
2659
829093
4914
5747
9128
3451
664531
3566
3566
632570
824
743867
1357025
6716
9111
992069
679067
6828
6000
9283
2899
4380
918876
505149
2612
3586
795822
9504
855077
451685
1054553
86
644117
6495
7271
5348
3413
8431
8265
8857
3154
1180
1103712
6124
955293
852543
1246920
895542
859
694405
3646
1035202
8697
540202
1316597
945
1155
3498
1063331
767732
915215
4835
7739
596226
6558
1332009
1978
1195405
552392
776907
4055
5897
471016
4147
652579
3802
8811
5622
7470
867731
710429
965321
948931
646314
5642
563204
9533
4585
768288
499934
834996
4722
6890
926524
850524
3965
6796
631038
1374552
890050
927519
572551
2553
842806
5205
707767
515
9031
2656
1344130
6414
1227208
1098724
9441
903
341895
663922
7712
8309
959
809966
9341
690797
722892
717386
995702
1054157
857554
889015
7784
28
9781
2859
874896
7243
897700
1415
986394
6481
854862
853798
599818
611524
1459
540480
756694
1101211
9346
823624
7174
796481
1105508
1254756
1113267
3284
4706
5604
915
4235
1077694
4923
1570
9945
947882
716668
7570
1238414
2365
7774
1240343
825
518140
592062
919728
1498
368
814549
4704
409055
6772
5525
329
7259
688051
1969
417
5852
1121365
630450
9580
984774
676584
770954
8830
4080
1643
6316
5004
1173198
9101
3177
764
5778
7914
1421
6763
8064
4806
1304098
1102700
8755
2723
745
3197
830361
5768
1198049
688973
1042361
2146
5521
842647
7624
1125268
3607
756
694515
4785
2475
1328777
1881
9918
792972
863728
2000
6075
3709
3806
7054
559330
2457
3322
2561
3742
8508
814
803356
4382
8432
516272
2276
830799
2564
405070
3357
8196
941546
29
695192
8258
897720
8703
3259
775144
9895
5238
816
8692
8190
567342
9395
4883
1052383
783277
724007
444
737621
808949
1215609
497726
3810
335
8785
3516
5326
860710
7556
781265
619291
3638
3634
8622
904885
721498
587182
8714
6736
662389
5525
958162
7600
5395
760373
945462
551041
6199
887585
1881
1227985
2976
1059630
5089
1156319
770004
843089
1142
956394
1261715
897461
8930
922290
3037
798672
3724
4605
598838
1133140
4127
875079
727909
4055
4983
729871
732329
612732
1185094
4202
408838
1133841
628
2322
1204312
8018
6473
1298525
9888
5184
606701
3318
7848
637256
964623
1616
102
671430
941557
720612
8891
817941
1286909
780714
909707
4884
628589
703482
688386
9967
1715
8636
3888
937487
5552
1501
2497
1279835
891350
7075
2672
2459
648999
537
3630
6909
5945
5636
6504
1014554
537935
938789
1071300
8627
4225
2891
708799
288
731217
30
855460
635262
9483
6551
559366
376684
5103
8927
1213718
467793
706536
8998
542780
3196
9046
948012
2259
1160549
857671
1341
963623
650253
8204
744885
6634
643
392
5446
5555
353
482572
5897
7440
1111
893029
1000083
3968
4895
9168
703305
382131
705848
220
633372
440576
733147
5497
1422
869117
818168
630756
5700
750611
471720
5031
546559
1211369
7496
296913
5791
569422
1195125
7043
985693
1157
543586
7566
6265
360715
1100415
2465
1464
6938
824938
1028565
947501
9264
874865
490418
5144
784399
1155009
843574
778857
3022
69
994099
745857
5281
1148323
6672
747810
428228
3531
996874
2270
5011
783974
4404
8923
2576
582273
698767
719079
8356
888127
5688
901461
3732
1082427
891042
2923
674163
636620
660273
1831
5099
892797
9878
5651
7689
8562
1199
2943
8176
853368
6980
1288330
604923
6942
1024653
904498
5131
4320
908675
7782
629418
262137
1747
6033
531798
7223
1894
2814
2530
539711
2320
7988
296183
657047
500774
8520
8183
983243
1015076
89
1807
6422
697128
459
7463
3558
1017147
941290
560916
1049
7380
8181
901828
964240
6472
6658
4022
9470
814838
2957
4010
853145
612064
6891
1164288
2948
321904
812751
171
2947
1025
969676
9786
5927
930427
1057129
356961
994225
4964
189
5736
1167765
288
1573
821652
4167
724829
4683
664317
504491
1164725
8627
5788
9774
6277
1029633
941608
725022
1160770
987676
4291
671826
1217147
8340
1244490
1140320
7114
1082189
661102
788848
1091896
8424
861677
4320
7242
1293809
689138
2832
820761
791475
3246
4100
7350
6877
1527
822877
7073
704116
645055
4177
694042
680834
73
981705
1599
760939
4543
1283602
760771
7164
1249342
870251
3425
9897
9514
9279
2495
2596
1214659
2151
879904
631624
1030080
324537
8315
4576
529021
567221
699133
8308
1329
495526
111147
6603
839811
900805
791355
1680
6443
762169
6948
741356
202
894295
759
924465
878171
3629
6122
892031
897285
1099
1255123
3674
1037737
897594
6076
1135071
9812
3481
332226
822395
3184
503344
1090721
7547
9369
9444
1102735
568957
1515486
8274
1996
2273
1058349
6752
5014
7765
5161
981809
1005831
708352
1197098
971422
2996
688663
4994
476354
1295635
1079702
1057680
7007
382349
947483
2034
1048
1019067
1486925
752784
1636
2549
549296
1096944
5028
2060
3084
613302
3670
1062
1029041
8641
8893
450
7887
1002381
979674
4488
631830
3642
4753
778384
668474
8821
873
4503
934831
1123393
3716
9865
4305
155
169
928
1215273
190
7820
644536
1070446
927599
2011
935390
1861
644924
5629
1130952
8052
1057769
568060
1112167
946
2187
1089437
5738
2979
800683
456670
3689
8851
4841
953022
6391
169
9367
132
1120718
5046
961
8135
756335
6683
771206
642827
1701
803495
989560
1611
2195
844696
9797
4877
1011345
7331
4160
984003
5043
753843
6576
513001
3218
951933
1338054
8495
920396
9048
964032
6558
1666
473797
3777
3209
6865
1060082
770277
822770
835163
7098
1212190
7267
4441
6043
753463
851635
902159
931445
914148
468815
730339
601
8098
889395
1026569
5984
468728
1101771
908028
942927
8145
146
689079
6570
3904
578430
906
885343
714452
5999
2772
1050007
1132377
671529
4627
939235
1042222
980682
9165
165566
615236
8852
8618
796354
671913
5426
1508
605485
707420
798326
951774
794326
1408
1719
1007114
8793
773062
9635
3067
7340
956839
2004
320899
490193
906194
4928
2566
7993
2088
685703
418137
1157595
489807
7215
766133
4068
259
854207
6599
4599
988044
7802
545294
2142
3929
6785
2679
1144218
838043
735507
2981
9048
895529
4738
736430
907085
608068
772448
1461244
7236
943621
3148
5545
957659
824874
2865
43
1106661
9422
717045
675196
4059
911
883916
9825
6798
1639
966532
559267
9937
9935
839501
608042
849942
2679
7598
3454
972109
2216
8087
2480
6867
542729
628517
339
1803
3147
3085
452270
1201
711114
1425418
572
7748
726985
8212
527114
3329
837588
745898
627642
771566
1048080
3267
2380
811020
7548
8067
519966
5651
836
972801
988699
647882
503592
8395
322250
507487
996421
1294022
9544
1232107
1086958
904839
2990
7014
2019
9703
289855
4649
6229
1332844
914414
4782
610779
704050
6259
761588
9566
8972
2669
769898
4034
4249
724381
791799
626562
823166
6852
954452
743486
9180
4082
5648
1054573
8372
7585
458361
767509
613473
679375
3118
5283
647850
1765
1189835
588715
774962
1293
7543
513594
4464
2737
791805
421826
975320
721533
3083
815556
552609
340419
2066
1212340
932068
810993
8476
7925
996356
4608
892
1230
3727
864733
590411
3543
6749
9022
6382
1060257
9023
6950
538749
6153
2001
3784
854108
1212
707408
963927
534554
4154
5597
564681
597
1004115
3690
8325
1393
664598
710620
9478
413223
954742
881235
7848
157
808119
993223
540932
2176
1548130
798
6033
6498
1573
1063798
1198541
2067
1578
6842
4100
817232
2790
758939
6196
7327
679105
1888
596952
1015545
4999
889749
889455
3833
670
942472
1360029
1770
324893
176
857645
730276
7398
5762
645181
1223246
1838
4284
6644
6850
1179
1005085
3919
1087293
415441
3223
2432
585501
7859
7856
1250256
1818
1220
6975
682692
4863
635224
625011
6991
558745
889
1034544
9521
813345
619990
3217
4334
5312
7623
4282
615453
6810
494435
809630
488513
994894
1476
8741
950263
5848
838280
590927
9879
334
1239961
1078476
526218
672911
983940
2001
8187
750957
8111
4541
9109
972573
259
573279
632726
859530
446539
7248
4011
9589
3847
3011
2010
7632
602693
592510
862208
606693
6299
851355
848305
1057
971841
1948
7676
5306
900477
1447
713986
852176
623819
626810
830570
833485
1804
715810
7538
9657
745165
9657
5933
1438937
175
216736
853496
662057
1196627
7127
7328
8394
3642
3511
1291723
2011
2378
6507
1187698
9574
7322
934583
6747
8279
443851
5862
649232
8523
577623
369152
7578
9503
1352155
466856
878492
1028135
1754
9462
7398
333841
3990
368
4218
36
4150
784543
888175
6655
992082
602
913821
591872
576636
509509
6617
824028
1234342
502082
6903
809391
9186
8839
8705
9874
755438
538974
1317009
2855
8821
1123
994
3174
726315
586306
693290
6089
702549
1257
958879
990744
7295
8458
1114431
1084832
596
633967
1774
4932
880693
2724
1068915
678800
3010
9439
864181
5476
1583
2245
7246
350708
976476
525185
824145
925
8672
3284
8728
2441
766794
844809
7315
5441
2903
3828
6847
4336
951192
989
454
3078
6333
968952
1043546
1090587
5303
414543
780438
813781
908483
4937
3579
899747
491120
826
402732
1465
965277
867752
1039809
773248
1088187
793438
4780
943971
1009449
583732
657263
703021
800591
811075
1200362
5506
1595
8762
9730
7542
397014
949529
6660
454856
819
4288
7902
7909
179649
3872
4475
824765
8493
8521
863099
4529
714622
856101
700468
597106
8417
5084
3256
8852
434877
1060801
459758
8617
1785
883744
4696
517772
3120
296901
886677
9380
8858
8029
38
659034
6148
3159
910876
3378
1065338
9893
1164
3148
610673
4902
8963
605450
9205
749336
984558
6868
7136
367299
5599
8903
9047
531138
9453
1005
1490
783790
818892
652683
700491
806
686652
7124
518389
626418
7151
1120178
2963
1930
7195
6588
9563
701316
421368
521990
958429
1895
2015
853688
516104
683993
6833
1231834
986827
4190
496531
4331
532991
575063
2109
1460071
855381
8371
5109
8984
3988
2292
1023152
688111
897526
1462045
629
9818
986141
991459
3637
5834
1692
874630
1105838
1021787
719903
701033
4514
745031
2744
8910
1679
2131
829532
1086459
1078
8700
686641
7687
328307
2469
1598
944778
8908
937029
8568
9731
581389
876864
4171
724737
3316
1235561
477325
735446
4036
8504
971571
76
287717
790
7858
8067
7823
6383
956820
1031229
3677
656484
7288
8611
9419
8115
690301
1104422
8248
8215
9027
8091
5916
805959
519139
8437
9273
846187
855831
606289
9020
468456
2712
770903
562313
1256
838138
975991
429310
5165
654608
1365269
1261622
970526
991631
1057838
2465
942961
1160483
959019
1179951
775716
368681
4033
2936
783587
1695
9038
5587
1312297
764853
316152
984444
6802
604329
5368
1084168
370197
1234856
656991
580096
811232
359133
1216603
557448
9052
900228
693252
1086080
744722
355
1993
9065
405135
7488
7886
607674
883642
570271
4922
6183
398
693512
454144
7559
1209831
834668
735912
7563
799996
1200221
4926
3619
6216
8864
1049680
869
3208
748735
2632
1050092
644471
514751
8679
131
1087708
319059
805355
5488
5042
569749
993659
640
4590
794991
740638
388
71
4855
664220
8262
950859
783530
2943
4115
3491
477
918887
7657
647280
806453
4834
930233
231269
5392
896549
4012
7825
2595
1392137
876316
2608
710641
1042449
357623
776
826334
644556
982795
867952
3291
8444
2083
812625
1981
2301
3937
588106
6298
3963
3243
5508
2862
697869
2181
5579
2771
2862
1216250
6754
1059384
527
648506
773954
1153002
809389
5125
741497
9026
3845
9439
839589
948040
9217
1076939
1674
536765
696305
9570
806394
888513
7341
877574
9095
695374
7771
9842
2274
975718
4230
6516
5933
732289
1099689
883387
8102
379274
315152
2888
514352
847201
675502
8477
1660
1002593
4795
869
9486
1181281
1368044
6764
9030
9755
6244
1008790
935932
698122
510433
4575
4213
575778
5820
614734
825661
1087713
520115
1314146
9594
4660
1349886
8285
1000665
1074715
4586
2616
882857
646047
1994
1595
5009
521698
3758
360266
524927
767468
1799
7252
720721
7239
752649
8064
3951
877367
885148
5124
1335584
987958
793297
1687575
668287
1663
1091110
922086
9894
1014147
3695
1416532
1122252
658319
859453
487310
440889
921094
6949
577873
920261
558654
813191
2085
564249
421694
1337
6054
206884
1949
1277825
4339
779410
395803
698268
1102
9305
8288
2532
8000
785878
670566
451262
518
797953
1728
89
9081
468103
1045617
945340
6709
784607
767008
1567
162
1757
4188
1291933
524820
2366
2012
464187
2564
1032
711793
1192525
586535
821454
808882
4632
1031165
1077623
5485
6595
502238
652964
7654
1178185
836632
197
1390
5572
902376
1007897
745404
1130641
729448
1254644
3541
1411217
4900
3054
9675
727944
670658
867594
727523
735
914102
337
928678
7148
913780
2337
3530
700865
907080
1046688
968255
867920
730738
496
802380
1044548
624636
4710
646421
1055970
782993
1146073
8022
5596
501316
848452
1624
9691
887238
998106
1038626
4660
628074
404246
884188
842147
7813
695395
372
565616
987158
5208
8443
380861
1186532
765837
5119
1021167
9881
8911
528581
5274
800928
895019
1005329
4930
717097
9361
689810
8328
599337
607181
669233
748731
7263
7864
8677
4371
5453
6237
471
906490
1883
1009975
813703
1249
847075
80
8150
6492
781283
9779
8873
5242
5560
861783
3332
1112210
8379
5965
7848
9692
1365295
34
480623
329
1205204
808334
1766
8068
4137
8808
2016
1166856
1603
83
1023
5384
7643
990
1401232
878389
710491
993185
865675
1291
725666
6662
2644
805973
993532
3302
7785
829453
6816
3400
595036
1848
6290
713624
3506
4270
1043096
7095
2302
912846
845603
6977
408878
1968
8692
641788
810335
5028
690102
1020256
2119
836986
3234
440494
791
1012479
1060354
508
691205
4234
889428
7260
7955
797452
6893
1327
1196705
672594
772220
782818
8603
5951
8592
945352
994698
1037
8682
8297
534324
568761
693355
9223
5175
830060
1396
299
642759
345560
965279
461651
812136
6368
530918
8100
745612
8088
751135
8756
1202965
1019034
6785
671992
5209
796717
831
1116686
3078
5469
9552
509723
582051
46
234830
494125
897695
8674
2449
915
7583
1015550
2307
686450
7422
3152
8459
580334
1066001
1070259
1100709
857830
2194
724763
845561
7163
5361
778511
4654
7970
508806
890425
311581
920787
1065260
474500
5991
733833
6335
491085
969482
4202
7456
662161
1353535
6983
764151
7872
642203
655533
6598
3428
1122
3236
846088
899425
829179
3379
7362
1173176
3203
715062
678
1178
381012
2886
4668
7978
391
174
862323
9168
763812
1117398
2603
5360
3746
854633
4365
508
6908
8908
1066951
738813
6013
795527
9802
6173
1143382
9158
801615
5769
835528
2252
1146843
6445
1374342
954733
1078403
3683
671669
2254
572460
834988
8851
4576
736
6141
9675
980
595315
701152
3932
924
732536
3862
5355
823206
915165
439594
3252
1328294
1188887
8780
2717
962979
881516
4089
494
835077
4982
699431
745785
1480
6465
8817
653773
866839
1268963
1807
6349
4455
9611
9359
909122
6750
5114
5902
8703
9516
729444
364
909208
5848
2753
966601
726020
589473
627
845427
955931
2833
663985
7040
653152
7241
912408
955
7318
784355
5275
8563
522520
3512
628000
7573
960889
761886
687742
4225
8684
561216
645315
2480
4769
487315
515152
883373
7860
1359348
618
988657
1527
826938
1036
836573
915457
4311
747724
2561
3993
879959
937263
6599
980388
1053978
9371
3556
2279
552769
575080
285362
2292
509242
640776
407579
815855
6108
999985
644713
1707
846
816457
7482
771427
545374
2386
545322
698383
3224
8860
761789
380632
837440
851263
1078785
8536
7100
3334
640728
680228
892175
8724
801159
812590
1010193
6950
431366
4197
534420
1184029
7228
1236612
8025
749478
8534
707140
3232
3382
643
756209
527165
822269
6629
792254
614389
4632
2076
9275
797138
654000
713359
4291
777040
525147
633074
999307
3684
9342
4845
695563
1421
1000254
748326
1064124
791177
664799
7222
9236
516756
5795
3023
9023
700840
259
1987
286696
5603
967167
4432
1540971
614061
535831
538381
794387
568723
6442
6044
812999
8661
751129
1194583
857945
1544981
1517212
728422
3004
7768
8734
773047
848002
7607
3934
893618
760059
771708
1816
6469
894006
902796
550016
9585
786130
645027
680077
657828
641109
698895
686648
1491132
831259
899824
9619
939420
1094133
335
603398
2720
450961
838620
8707
6825
1009164
6309
4796
6740
2321
6599
5377
8059
5874
1097
2268
4334
589141
5794
607
7032
532610
6568
890419
7403
1221867
1042948
1015607
1068
3746
1294750
9542
6332
3757
4909
2754
9892
3470
491335
8109
594079
719631
572641
554829
565463
589333
707566
7190
7354
5281
831029
7975
632322
902555
684008
651123
553911
2084
7983
785704
5587
602031
710919
954114
814912
2090
607530
6091
1218303
699050
637361
844423
638712
1788
8354
559059
1359
1001
5183
824987
1013870
2166
720795
2792
853463
1335017
723953
1094149
5557
521145
3561
3709
7003
794832
5139
9180
2295
665671
619950
662021
944352
7064
6502
3216
8939
2007
642960
678038
872485
2422
514023
6483
804095
756664
567015
1013609
830291
833045
7673
1646
8560
6018
7185
7339
762799
5074
5423
785863
845089
1840
479210
7659
734398
5495
1279
3673
876655
4859
399861
8713
2089
7140
7476
780685
435832
3004
7172
874627
838756
6623
9613
9573
2742
6460
7320
8583
604
916246
9556
3739
434
856072
852152
639513
2353
7356
5294
2532
1533
9096
2752
530748
6708
8579
1048469
722218
679437
790890
4433
6515
906823
798083
1493217
1173125
3484
676371
475448
6643
603040
1200837
1749
9565
9260
508186
476750
695078
8318
651624
467155
1047087
2769
7596
886000
1051348
753352
820611
2060
6447
1004387
375
8140
3584
1021115
1261098
445775
8610
1029487
848219
9249
8710
6636
934819
775628
9953
715015
9878
2656
670822
5955
8192
836696
1090
8369
2273
928563
5072
759585
851873
3712
546443
544328
7238
987018
7155
945442
464806
7086
1724238
926435
1116011
4055
9595
515863
771644
1220020
825851
6112
981721
907
340161
712117
992837
4401
1414340
893310
488501
853
2833
754978
957310
947949
957650
187949
5423
758302
6281
8125
9061
870781
1060702
781173
439597
1958
692622
223
2634
5104
3970
1404
9490
5452
624677
4246
5667
1228965
7918
1663
984612
583727
4175
503580
1332276
5305
2664
4823
723
429753
955025
753739
707177
706850
6214
5652
1343041
9384
3498
3111
7395
908844
9211
6202
1626
905895
635087
785844
6212
669125
774934
1321
2041
3085
937611
772026
1029507
318
1301803
1061871
1163
8453
811066
6040
746961
8542
610599
892
3828
509155
4028
856178
937084
493231
6781
3085
658800
2327
701397
3046
816049
433034
847559
736508
522996
982248
1375
9430
570
605356
6472
957
3112
846
87
1415993
1134
891248
2173
7714
2167
748044
2562
4902
565321
691830
1860
2590
629991
9681
5684
507368
7448
423879
1106206
7910
5213
1496
4544
4761
5372
7814
1949
1218415
1950
6779
419
1110579
398039
7983
2395
5250
1969
869481
1121131
3483
471559
2158
4357
6048
652245
2465
549371
3192
1425926
844849
1108
3591
4922
465993
7775
7660
698559
2098
1057864
998167
886627
6129
635171
6493
500133
3784
748920
620665
8306
2239
756183
1120044
1140131
2620
750458
981349
6702
9162
1179264
9123
2034
856403
630192
917009
6331
874803
811842
815458
8981
761985
6234
1118537
5013
756404
6661
822236
8890
1008335
9631
736106
895591
5117
610954
5260
132
748633
1567
721
3742
7207
1066940
7086
624658
995117
7428
1219890
1181978
3289
1285198
732113
733894
1006790
186
5449
7820
649453
8258
4271
803430
3016
577086
6861
1784
409
580666
5981
9116
841780
550772
911304
7556
7552
871173
735959
1357935
8082
6298
9010
817866
3753
419
9019
420
7355
4951
6186
2897
875999
5780
146
2878
662662
4009
1057214
1251982
7153
9547
4338
741179
8986
847679
4804
1266
972
8285
2728
6637
1336
4385
5299
1121640
9158
3398
6044
5870
693345
8657
838329
808076
1114673
1033334
7663
904470
4794
1926
6844
1183363
1170921
1119122
1105266
323619
9239
3513
4778
899235
7621
2917
9985
707862
6007
1199109
1238687
290944
835141
9249
785161
429990
1255
7168
4396
810150
1280917
1189672
173136
9721
4630
586348
5878
3937
698433
457264
2399
904871
8874
6730
3904
371684
1181189
2110
2851
825
755568
3250
2634
924799
4669
844034
3112
6665
687348
920818
858040
3359
609035
7794
7076
672954
8310
2280
7408
596536
1387088
636965
485862
556
6862
9046
6185
1049786
8507
4606
1341
2609
880339
1059294
9449
9425
794842
915099
8481
568887
845356
6275
871771
8259
527265
9860
667270
1083529
4996
4943
769978
632834
664320
1592
712
587516
973994
1593
6748
462110
485036
662343
527423
5560
444809
975035
5277
4628
753403
699722
5977
182200
1509
1019700
882362
118
853603
445492
549544
669854
9851
5793
4023
915061
3690
1019974
9
1039
282597
778802
7677
649239
3783
4775
4229
1204052
1284948
777667
1028913
845
7112
478243
5828
581944
78
8224
843623
4988
753888
4587
6820
1143393
1935
5166
1894
5828
909121
367491
7021
695
5315
215
671496
978161
1185447
482298
5638
9175
1391929
8792
645817
792696
1259722
2507
986839
4863
892120
652
2040
324472
1308951
1214875
2178
8674
916517
852256
379363
1455979
1615246
476942
2768
7015
209
709559
409665
908644
682841
2777
385
3660
982286
4445
850914
1289561
897996
693572
753284
1359
967185
4207
256884
1585197
761895
1303751
892
9063
886518
2144
7188
5031
4006
628880
899579
3659
3771
855406
8827
699588
658756
789744
9778
754727
713173
856456
8462
411497
892458
1170309
836902
632753
657109
1393189
1013393
8493
254
626614
7434
8200
6314
569876
935851
448370
8862
846651
658098
2042
6131
4294
1945
543614
1077714
450361
1158512
1145929
785440
3790
273713
4329
6921
2325
7337
833312
1873
6244
989395
1356
719736
2314
223
1020713
6550
597334
4357
1015305
421155
1170788
5305
884738
1946
7980
3671
827611
575948
924856
694789
838804
1897
677163
551482
8218
3167
1038
333673
721411
588781
5678
1651
3665
499398
473413
443
974801
817652
7998
873581
2419
8415
1318383
573169
983794
769930
993407
779288
8707
4266
1138367
450837
1843
619878
2063
9352
6180
932
4655
598377
1224968
447672
9425
911669
8523
354
7177
697987
1328592
347099
7109
942
7075
994706
393
1324868
5089
573256
1089741
9050
112286
4481
956462
7331
878050
9724
5712
5645
4131
994165
827096
784754
816159
889518
746046
5059
708126
4490
614523
682878
4650
975
3023
829325
783058
845199
4446
9007
841593
8992
5832
898991
559488
959480
284
343
4407
4490
4893
7850
792064
6762
6884
888002
5301
924
879077
1149942
877667
5851
828604
470066
458771
846220
430394
5535
1301662
2024
588647
1015796
5842
960801
1170294
5125
675326
7494
5017
2848
3345
767645
1048731
6422
1255487
562686
1075995
781097
895108
1090746
8751
825583
622
616203
1426
851070
647960
9487
752862
3596
4567
714636
4693
754905
9577
1029626
1151270
679951
5360
9285
9428
1134801
764091
1819
417978
9592
9362
713
2829
957356
406177
439
1140
1723
942423
5488
582542
2164
125
5672
1020774
3302
8747
1116486
213
523234
9047
452727
6215
7661
885529
926467
1177585
6874
572094
9299
8914
1076107
4251
8532
3314
4692
4581
427
1714
882537
6380
518107
691711
824192
615692
8326
603954
9963
7137
3074
473755
840641
2817
516882
813291
600987
2598
1271300
484352
906125
5070
467724
5912
333
747255
4177
9142
1599
7708
5128
2099
918909
463738
9128
1400642
694850
578250
1376
4117
624119
522973
1126532
327760
3659
1097
746179
6080
9212
442382
561601
689397
718883
9247
8828
4836
7621
717343
914864
782349
5002
3222
8997
8850
681
659207
2533
577102
842903
852560
937139
646369
1225960
1112257
8054
908508
1115739
1061347
5802
481276
6664
556831
2012
6288
6931
785055
9876
7898
9519
6436
496896
73
2398
7555
2018
825179
7343
5132
1136803
1164321
742855
694546
1455878
7199
636494
9621
4910
863
679992
569198
9990
4819
8441
5595
408
4745
661
3015
553978
3082
749677
983928
1106872
5429
325758
6748
775484
830063
6989
935070
1129
822489
894548
821
6205
903272
457475
725269
350
5393
1733
582957
608139
2399
540670
2319
6711
625522
684
537532
256
5444
4819
1287
1063799
948155
1396054
997304
572244
1666
931646
9732
735110
1181429
6887
1572
709089
5840
1844
1085170
5929
8602
5892
549
273
938749
1098525
760348
8958
4555
493110
876492
3095
2437
184
763491
597718
1407718
7120
757350
914669
831717
755102
746914
595308
2802
6706
513737
9215
8563
6625
6670
566047
739614
533495
727587
604186
989532
746037
661049
8071
791520
3793
4678
7539
898055
1281849
977880
1989
7348
715030
2855
1954
8881
9759
916489
1024
1156943
7439
689877
996391
2517
1237552
5536
8549
616930
5890
1633567
829279
1350023
537760
5615
785804
9077
4805
7666
526510
674864
3659
377
634598
5390
3491
1388
921118
644178
483
713837
934380
557415
8376
628359
733664
1053455
1628
9814
8230
1388
390729
9547
4985
967
692951
8270
5394
4468
4792
728501
1162146
640719
5212
591929
5588
1163567
6991
635141
776967
469049
6645
627473
326
727501
6340
787684
1205324
848725
8233
1032721
531133
759811
7524
939857
1365
794305
1025943
484636
1256677
962386
6742
4557
9242
1534117
5398
2391
986308
384243
683564
402061
5404
2815
5568
695435
8353
5264
8614
1063538
881
881817
379133
8413
1240366
135
990041
709402
4207
1229351
876572
8801
6141
1161092
455189
813059
711540
6148
735124
772
9845
1019972
785792
5526
6797
809583
4681
999674
4872
7019
1163506
3444
695800
244
2592
1525076
1030286
771816
4265
1008836
1012570
396181
723103
870371
767751
674349
553049
8449
537474
5490
7164
2932
1337043
846405
715715
907295
2486
3286
3522
1209487
7865
1448
422
3057
5658
1169844
265
7518
6150
3822
818595
3804
1341
9622
985996
453067
965269
863223
598235
1116448
678541
7619
3821
1569
776668
3718
9006
521157
670002
752584
1067
1132477
1056
9369
5534
559043
844129
4543
831629
9155
2162
6806
6362
585765
8600
5280
7824
9087
1136315
785894
788130
8690
7920
3387
5082
1247
3662
918850
978862
531841
3148
1252647
1150114
1259089
2454
2315
6260
721444
916940
664251
8203
8938
1088082
1395701
917407
2039
1260
802405
740228
720290
463050
486061
975561
3497
9118
8928
9516
806683
638521
805
733906
1041251
1385
501443
9214
6328
501849
977391
7909
4566
6119
933668
637977
820647
541525
833976
6397
7523
887525
3910
2809
867470
679055
813839
982042
882565
1076959
800950
650
1221359
329
8529
555574
5550
2363
4966
930992
4968
7983
512423
984695
567432
7957
849450
3358
100
564
825375
625552
1118924
6453
1196788
1012047
9038
1144998
4337
1037313
790
777552
7137
7837
1287958
9377
2870
4031
3549
884575
909012
697707
799776
931131
6522
674829
4904
835613
945891
962861
9159
730040
471794
122
3290
2556
849775
1058374
6814
813856
2462
8468
614263
244
4568
6406
973009
8137
3226
603362
8844
586662
5429
942437
458366
894937
1225451
5302
1161362
628647
4055
448528
779536
8848
612320
3353
503064
696723
1008162
1155842
664387
5070
4241
699069
1184429
3688
695609
8633
688240
240122
49
445165
939132
6619
490309
2459
933898
8914
5834
1015045
632348
1086054
2108
5061
7457
751973
5264
914541
800139
633244
844134
1302532
1072651
556799
680816
865562
200394
3152
5441
603848
8251
829445
621210
4609
587793
730613
528
1162683
1017296
578515
604932
1021747
579229
1531834
831693
8781
8000
773980
1157733
545193
877644
304
1038069
5492
3042
1293
2230
917029
979269
7310
8193
1128714
4278
9511
1537191
617015
8797
901307
8089
702382
557829
501985
171
9187
168
9566
8481
1012693
3828
1524
826679
9111
1139366
6235
802408
308436
9753
530964
3603
1230355
3847
2636
711733
493894
7711
581675
890590
7270

