2147483647 1
65536 2
2345 3
477 4
193 5
110 6
75 7
58 8
49 9
43 10
39 11
37 12
35 13
34 14
34 15
33 16
33 17
33 18
34 19
34 20
34 21
35 22
35 23
36 24
37 25
37 26
38 27
39 28
39 29
40 30
41 31
42 32
43 33
43 34
44 35
45 36
46 37
47 38
48 39
49 40
49 41
50 42
51 43
52 44
53 45
54 46
55 47
56 48
57 49
58 50
58 51
59 52
60 53
61 54
62 55
63 56
64 57
65 58
66 59
67 60
68 61
69 62
70 63
71 64
72 65
73 66
74 67
75 68
75 69
76 70
77 71
78 72
79 73
80 74
81 75
82 76
83 77
84 78
85 79
86 80
87 81
88 82
89 83
90 84
91 85
92 86
93 87
94 88
95 89
96 90
97 91
98 92
99 93
100 94
101 95
102 96
103 97
104 98
105 99
106 100
107 101
108 102
109 103
110 104
110 105
111 106
112 107
113 108
114 109
115 110
116 111
117 112
118 113
119 114
120 115
121 116
122 117
123 118
124 119
125 120
126 121
127 122
128 123
129 124
130 125
131 126
132 127
133 128
134 129
135 130
136 131
137 132
138 133
139 134
140 135
141 136
142 137
143 138
144 139
145 140
146 141
147 142
148 143
149 144
150 145
151 146
152 147
153 148
154 149
155 150
156 151
157 152
158 153
159 154
160 155
161 156
162 157
163 158
164 159
165 160
166 161
167 162
168 163
169 164
170 165
171 166
172 167
173 168
174 169
175 170
176 171
177 172
178 173
179 174
180 175
181 176
182 177
183 178
184 179
185 180
186 181
187 182
188 183
189 184
190 185
191 186
192 187
193 188
193 189
194 190
195 191
196 192
197 193
198 194
199 195
200 196
201 197
202 198
203 199
204 200
205 201
206 202
207 203
208 204
209 205
210 206
211 207
212 208
213 209
214 210
215 211
216 212
217 213
218 214
219 215
220 216
221 217
222 218
223 219
224 220
225 221
226 222
227 223
228 224
229 225
230 226
231 227
232 228
233 229
234 230
235 231
236 232
237 233
238 234
239 235
240 236
241 237
242 238
243 239
244 240
245 241
246 242
247 243
248 244
249 245
250 246
251 247
252 248
253 249
254 250
255 251
256 252
257 253
258 254
259 255
260 256
261 257
262 258
263 259
264 260
265 261
266 262
267 263
268 264
269 265
270 266
271 267
272 268
273 269
274 270
275 271
276 272
277 273
278 274
279 275
280 276
281 277
282 278
283 279
284 280
285 281
286 282
287 283
288 284
289 285
290 286
291 287
292 288
293 289
294 290
295 291
296 292
297 293
298 294
299 295
300 296
301 297
302 298
303 299
304 300
305 301
306 302
307 303
308 304
309 305
310 306
311 307
312 308
313 309
314 310
315 311
316 312
317 313
318 314
319 315
320 316
321 317
322 318
323 319
324 320
325 321
326 322
327 323
328 324
329 325
330 326
331 327
332 328
333 329
334 330
335 331
336 332
337 333
338 334
339 335
340 336
341 337
342 338
343 339
344 340
345 341
346 342
347 343
348 344
349 345
350 346
351 347
352 348
353 349
354 350
355 351
356 352
357 353
358 354
359 355
360 356
361 357
362 358
363 359
364 360
365 361
366 362
367 363
368 364
369 365
370 366
371 367
372 368
373 369
374 370
375 371
376 372
377 373
378 374
379 375
380 376
381 377
382 378
383 379
384 380
385 381
386 382
387 383
388 384
389 385
390 386
391 387
392 388
393 389
394 390
395 391
396 392
397 393
398 394
399 395
400 396
401 397
402 398
403 399
404 400
405 401
406 402
407 403
408 404
409 405
410 406
411 407
412 408
413 409
414 410
415 411
416 412
417 413
418 414
419 415
420 416
421 417
422 418
423 419
424 420
425 421
426 422
427 423
428 424
429 425
430 426
431 427
432 428
433 429
434 430
435 431
436 432
437 433
438 434
439 435
440 436
441 437
442 438
443 439
444 440
445 441
446 442
447 443
448 444
449 445
450 446
451 447
452 448
453 449
454 450
455 451
456 452
457 453
458 454
459 455
460 456
461 457
462 458
463 459
464 460
465 461
466 462
467 463
468 464
469 465
470 466
471 467
472 468
473 469
474 470
475 471
476 472
477 473
477 474
478 475
479 476
480 477
481 478
482 479
483 480
484 481
485 482
486 483
487 484
488 485
489 486
490 487
491 488
492 489
493 490
494 491
495 492
496 493
497 494
498 495
499 496
500 497
501 498
502 499
503 500
504 501
505 502
506 503
507 504
508 505
509 506
510 507
511 508
512 509
513 510
514 511
515 512
516 513
517 514
518 515
519 516
520 517
521 518
522 519
523 520
524 521
525 522
526 523
527 524
528 525
529 526
530 527
531 528
532 529
533 530
534 531
535 532
536 533
537 534
538 535
539 536
540 537
541 538
542 539
543 540
544 541
545 542
546 543
547 544
548 545
549 546
550 547
551 548
552 549
553 550
554 551
555 552
556 553
557 554
558 555
559 556
560 557
561 558
562 559
563 560
564 561
565 562
566 563
567 564
568 565
569 566
570 567
571 568
572 569
573 570
574 571
575 572
576 573
577 574
578 575
579 576
580 577
581 578
582 579
583 580
584 581
585 582
586 583
587 584
588 585
589 586
590 587
591 588
592 589
593 590
594 591
595 592
596 593
597 594
598 595
599 596
600 597
601 598
602 599
603 600
604 601
605 602
606 603
607 604
608 605
609 606
610 607
611 608
612 609
613 610
614 611
615 612
616 613
617 614
618 615
619 616
620 617
621 618
622 619
623 620
624 621
625 622
626 623
627 624
628 625
629 626
630 627
631 628
632 629
633 630
634 631
635 632
636 633
637 634
638 635
639 636
640 637
641 638
642 639
643 640
644 641
645 642
646 643
647 644
648 645
649 646
650 647
651 648
652 649
653 650
654 651
655 652
656 653
657 654
658 655
659 656
660 657
661 658
662 659
663 660
664 661
665 662
666 663
667 664
668 665
669 666
670 667
671 668
672 669
673 670
674 671
675 672
676 673
677 674
678 675
679 676
680 677
681 678
682 679
683 680
684 681
685 682
686 683
687 684
688 685
689 686
690 687
691 688
692 689
693 690
694 691
695 692
696 693
697 694
698 695
699 696
700 697
701 698
702 699
703 700
704 701
705 702
706 703
707 704
708 705
709 706
710 707
711 708
712 709
713 710
714 711
715 712
716 713
717 714
718 715
719 716
720 717
721 718
722 719
723 720
724 721
725 722
726 723
727 724
728 725
729 726
730 727
731 728
732 729
733 730
734 731
735 732
736 733
737 734
738 735
739 736
740 737
741 738
742 739
743 740
744 741
745 742
746 743
747 744
748 745
749 746
750 747
751 748
752 749
753 750
754 751
755 752
756 753
757 754
758 755
759 756
760 757
761 758
762 759
763 760
764 761
765 762
766 763
767 764
768 765
769 766
770 767
771 768
772 769
773 770
774 771
775 772
776 773
777 774
778 775
779 776
780 777
781 778
782 779
783 780
784 781
785 782
786 783
787 784
788 785
789 786
790 787
791 788
792 789
793 790
794 791
795 792
796 793
797 794
798 795
799 796
800 797
801 798
802 799
803 800
804 801
805 802
806 803
807 804
808 805
809 806
810 807
811 808
812 809
813 810
814 811
815 812
816 813
817 814
818 815
819 816
820 817
821 818
822 819
823 820
824 821
825 822
826 823
827 824
828 825
829 826
830 827
831 828
832 829
833 830
834 831
835 832
836 833
837 834
838 835
839 836
840 837
841 838
842 839
843 840
844 841
845 842
846 843
847 844
848 845
849 846
850 847
851 848
852 849
853 850
854 851
855 852
856 853
857 854
858 855
859 856
860 857
861 858
862 859
863 860
864 861
865 862
866 863
867 864
868 865
869 866
870 867
871 868
872 869
873 870
874 871
875 872
876 873
877 874
878 875
879 876
880 877
881 878
882 879
883 880
884 881
885 882
886 883
887 884
888 885
889 886
890 887
891 888
892 889
893 890
894 891
895 892
896 893
897 894
898 895
899 896
900 897
901 898
902 899
903 900
904 901
905 902
906 903
907 904
908 905
909 906
910 907
911 908
912 909
913 910
914 911
915 912
916 913
917 914
918 915
919 916
920 917
921 918
922 919
923 920
924 921
925 922
926 923
927 924
928 925
929 926
930 927
931 928
932 929
933 930
934 931
935 932
936 933
937 934
938 935
939 936
940 937
941 938
942 939
943 940
944 941
945 942
946 943
947 944
948 945
949 946
950 947
951 948
952 949
953 950
954 951
955 952
956 953
957 954
958 955
959 956
960 957
961 958
962 959
963 960
964 961
965 962
966 963
967 964
968 965
969 966
970 967
971 968
972 969
973 970
974 971
975 972
976 973
977 974
978 975
979 976
980 977
981 978
982 979
983 980
984 981
985 982
986 983
987 984
988 985
989 986
990 987
991 988
992 989
993 990
994 991
995 992
996 993
997 994
998 995
999 996
1000 997
1001 998
1002 999
1003 1000
0 0
