virtual GF
talk without sound











kalk light for blind i dibo
hard copy to anik
with ONLY bangla support :p

ami database theke bangla word kmne anbo? :p
para jabe
bt bishal pain
? er jonno amr kase 3,4,5 ei string asbe
ami jst oi button gulo on korbo
? anbo na
? holo bangla er 2nd ltr
so id 2 fetch korbo
bt word korte hole ami kainda dbo
?????? ei word er jnno korte hole amader 1 string lagbe 

ajk tmr choder din
kkhn chudba?

aj babu choda khaibo

ajk tmr babu ber hbe 
ar 1 mnth por theke choda :D






20
737 308 815
20
11 117 72
13 23 13
220 939 229
215 852 88
20 563 36
544 713 524
98 626 333
15 401 270
35 232 110
546 458 955
25 351 194
27 239 494
675 206 38
40 107 844
16 69 753
431 504 123
33 10 11
938 82 14
151 186 974
230 174 22
459 394 656
20
42 63 382
96 248 26
81 18 126
17 232 81
683 539 847
642 336 827
449 20 400
50 57 835
23 301 69
564 917 28
647 366 151
532 768 739
812 402 741
139 237 804
55 148 357
173 84 184
284 92 851
646 18 568
318 656 760
313 12 79
669 872 698
20
31 186 451
121 759 10
517 497 500
222 271 26
570 347 53
81 160 859
349 182 365
270 845 83
949 430 369
58 658 421
672 117 151
102 968 223
245 365 122
10 25 193
672 34 260
34 39 65
990 163 36
13 394 10
10 166 55
10 504 114
212 742 882
20
60 808 88
705 10 132
473 456 113
599 186 220
182 932 34
31 10 719
132 843 813
383 223 950
326 68 61
909 564 74
32 175 784
305 20 62
280 193 919
746 96 441
97 209 10
315 989 764
320 37 281
773 852 44
11 920 679
371 540 596
552 962 915
20
213 199 214
461 68 134
63 907 730
65 595 102
24 466 531
526 10 610
57 10 181
678 30 12
511 536 368
296 18 772
254 10 495
784 40 65
12 63 668
723 11 306
255 706 292
202 104 51
141 46 500
478 159 683
44 319 28
271 192 163
197 605 392
20
291 432 777
994 340 355
166 146 272
831 109 693
226 501 21
884 12 632
90 181 105
18 977 431
46 558 526
142 272 660
439 315 284
13 269 254
92 164 320
207 902 232
137 529 535
126 815 388
74 450 917
584 405 150
10 224 589
530 282 795
390 818 745
20
208 14 139
694 107 395
23 987 19
25 786 329
493 104 401
200 122 23
50 386 241
827 128 73
45 961 682
206 366 86
15 71 282
12 293 553
650 454 495
148 385 497
392 968 334
199 387 39
973 51 280
354 11 672
493 127 17
540 308 143
686 595 72
20
484 559 115
352 42 892
44 674 953
686 616 366
992 981 409
421 30 197
744 359 16
716 150 327
50 518 235
207 212 177
20 430 588
551 690 970
25 238 408
44 14 140
68 708 337
235 952 283
68 851 120
21 790 505
275 336 987
131 552 16
658 874 116
20
201 149 224
18 834 789
41 90 23
28 615 25
435 144 568
777 41 921
129 375 447
256 804 531
439 63 10
223 324 105
54 204 977
669 10 66
23 99 12
132 600 90
302 77 38
354 406 307
328 182 53
14 203 633
914 978 14
300 15 542
410 787 593
20
157 816 309
51 78 20
281 125 720
29 881 205
91 476 664
552 985 252
414 753 58
98 261 469
684 57 494
206 276 570
233 731 655
16 226 814
28 617 242
756 600 176
292 259 708
949 52 312
11 452 87
448 919 291
20 20 20
281 54 17
861 317 892
20
18 145 886
649 860 629
155 836 119
430 13 420
712 461 982
92 604 10
304 69 68
128 30 814
138 217 726
76 17 255
332 399 820
256 366 30
907 304 186
76 49 439
796 289 273
16 515 355
10 10 223
596 355 758
429 218 10
573 213 10
826 133 225
20
109 598 886
630 811 280
463 241 444
101 746 10
14 847 927
45 742 961
10 720 111
800 773 320
391 13 234
594 21 99
232 112 126
304 965 351
907 46 310
189 40 168
39 80 443
234 29 846
647 40 56
307 66 548
407 93 878
848 15 186
425 837 606
20
36 382 976
898 10 596
773 773 287
160 170 135
166 13 340
412 94 139
441 348 778
676 103 850
134 37 244
12 146 165
542 14 623
264 248 10
89 71 18
173 27 452
340 222 227
62 560 446
139 245 48
15 830 769
774 655 30
429 216 92
771 534 961
20
291 72 444
15 249 256
192 25 311
325 131 10
66 10 67
969 135 19
360 43 129
187 104 756
105 226 694
179 41 837
359 762 422
278 241 278
534 53 29
314 123 740
820 299 60
562 920 100
17 16 211
11 64 16
125 562 929
661 269 546
905 801 686
20
96 702 733
255 767 766
813 66 80
561 418 216
37 778 95
765 818 433
869 761 45
270 635 304
623 356 44
871 407 13
12 303 607
972 148 951
374 280 16
179 191 583
38 552 19
22 91 66
243 981 10
13 171 864
91 11 129
168 728 757
788 804 781
20
447 71 70
274 994 525
577 199 427
543 963 263
438 11 11
484 844 38
54 125 371
123 10 217
797 403 18
41 527 163
487 10 171
16 762 912
10 932 68
694 118 222
759 10 22
670 917 553
107 871 413
119 82 410
614 472 670
230 100 99
708 39 464
20
691 490 32
10 10 785
130 230 92
83 66 217
30 106 576
10 734 108
70 193 173
501 467 154
873 696 10
259 285 183
205 26 423
10 100 10
544 920 63
357 856 93
503 13 41
372 62 393
438 181 35
877 369 662
636 897 273
23 987 807
861 761 436
20
53 70 126
176 143 95
758 312 907
409 183 29
887 63 355
781 941 21
235 192 358
43 20 93
106 138 551
196 10 576
195 875 263
213 449 401
639 73 934
655 222 98
53 71 141
537 976 662
669 26 11
294 729 93
436 17 15
246 341 467
601 522 597
20
107 130 377
48 878 702
250 217 15
102 122 80
271 229 510
72 30 15
422 124 414
784 295 10
550 564 649
359 792 57
95 12 248
112 270 247
446 281 64
11 379 328
918 147 824
187 156 112
114 28 482
16 809 83
19 64 123
701 48 25
978 383 580
20
58 445 25
462 16 364
44 639 37
22 876 239
437 128 293
540 588 21
304 22 249
310 957 587
29 589 10
99 983 763
96 49 987
119 10 62
654 53 10
151 435 15
13 300 449
399 656 102
10 158 322
215 688 112
10 116 576
207 283 517
