100
6 4 5 1
7 7 8 8
2 2 2 2
3 7 5 5
1 4 3 4
1 8 4 8
2 8 3 2
1 8 3 4
3 5 3 3
1 8 4 4
2 8 3 3
5 6 5 5
1 8 4 6
3 4 4 4
1 8 4 2
1 7 2 2
1 7 6 6
1 8 5 4
1 5 3 4
3 6 5 5
1 8 7 7
5 8 6 5
1 5 4 5
6 7 6 6
1 8 3 8
1 7 6 7
3 8 7 7
2 6 5 5
8 8 8 8
1 2 2 2
2 5 3 3
4 8 7 8
1 8 3 7
3 7 5 6
3 8 5 5
3 8 5 7
3 4 3 4
1 8 4 3
6 7 6 5
2 4 3 3
2 8 5 3
4 7 6 4
1 6 2 1
1 7 5 5
3 6 4 3
6 7 7 8
3 7 4 4
6 7 5 6
1 5 3 2
7 7 7 7
2 6 4 3
3 5 4 4
1 5 2 1
2 8 4 2
6 7 8 7
2 7 4 5
3 8 4 3
1 8 4 1
4 8 5 4
1 8 4 7
4 7 6 7
3 4 3 3
1 6 3 3
6 6 6 6
4 4 4 4
1 8 3 2
2 6 5 6
5 7 6 6
1 7 4 3
2 8 5 5
1 6 3 2
1 8 4 5
2 8 6 8
3 8 5 4
4 7 5 5
8 7 7 7
4 7 4 5
5 5 5 5
3 8 6 7
3 6 4 4
1 8 2 2
1 8 3 5
2 3 3 3
3 3 3 3
1 8 3 3
1 7 3 3
4 6 5 5
1 8 3 1
1 4 2 1
1 1 1 1
2 5 4 4
1 8 3 6
4 7 5 4
2 5 3 2
1 3 2 2
1 6 3 4
2 7 6 7
1 6 4 4
1 5 5 2
1 4 4 4
