962
435
528
1100
524
747
1615
536
242
1282
984
impossible
332
impossible
283
413
843
346
1191
970
969
824
917
1424
88
200
464
544
impossible
290
1078
820
967
435
787
1339
impossible
572
1557
802
1008
1481
impossible
331
861
1774
425
impossible
282
1139
492
783
375
244
604
317
713
impossible
815
785
227
2056
409
impossible
840
600
1124
1148
592
1325
812
1337
422
625
409
314
759
649
407
137
858
impossible
1233
176
806
215
252
282
835
1078
impossible
316
773
impossible
362
impossible
402
508
266
360
