824946
844602
460864
914034
393602
263304
842051
380032
249922
164994
844924
407556
263200
198146
147456
810188
376964
274440
164864
168064
139264
700111
398992
262162
196640
163840
132096
98306
737089
379399
164744
164352
131392
86016
98304
100352
824410
418907
266752
163842
133248
131080
106496
67616
67586
828156
414179
247937
208904
149520
106498
98304
67584
67584
66048
791990
348421
262660
196612
156672
98848
98304
73728
69632
67584
49152
762567
415744
270336
133120
147456
135296
81984
100352
73732
65552
49152
40960
887536
395395
172048
201856
147456
131072
99328
81952
69632
73728
66048
36864
32784
926842
425985
174208
196864
99328
90112
98312
81920
81920
67584
65536
49152
40960
32770
762556
401728
262144
180240
147456
82432
98816
81936
81920
69632
36868
36864
40960
34816
32768
854687
405637
199184
165888
141376
133120
98304
81920
73728
65536
37120
49152
40960
33024
34816
32768
840500
328324
266372
182276
147456
102400
81984
86048
67584
65664
40960
40960
40960
32776
32776
32768
32768
813029
412810
258048
198656
136192
131076
100352
81920
69632
73728
40960
40960
40960
40960
32768
32768
32768
16388
762453
399376
237696
212992
133120
135298
83984
98304
67584
65536
65792
40960
40960
49152
33792
32832
32784
16384
16384
799102
409657
262210
204800
139520
133120
98816
81984
69636
65544
41024
33280
36864
32896
32768
32768
32768
32768
16392
16384
923521
376832
217104
155648
147456
90116
98432
73729
73728
65536
65544
36864
41472
49152
32832
32768
32768
16400
16384
32768
16384
791113
270371
172066
165888
131584
100352
98560
81920
69632
40960
49152
40960
40960
36864
32768
32768
32768
16896
16384
16388
16896
16384
828145
393299
163872
180232
147456
98304
81920
73728
69633
49280
65536
33792
36864
34816
32769
32800
32768
32768
32768
16384
16384
8196
16384
789336
382011
262456
172096
147456
133120
102400
81952
66560
69632
36864
36864
32784
40960
33280
32768
32768
32768
32768
32768
16640
16384
16384
16384
835253
266018
266289
168960
133122
90144
99328
98304
73728
40960
33280
33792
49152
40960
33792
32784
32768
16384
32768
16896
20480
16384
16384
4096
8192
847398
467472
278656
180224
168000
131072
82432
98304
69632
65536
65536
43008
36864
32768
32768
32768
32768
16384
32768
17408
16384
24576
16384
16384
16384
8192
716175
319488
230532
217088
139264
131104
82176
81924
65792
65536
65536
49152
36864
32896
32768
32768
32768
32768
16384
16384
16384
16384
16384
16384
16384
16384
16384
908208
395392
279178
167940
82944
135168
102400
98305
65664
36864
49160
36864
40960
33792
32768
32768
32768
16384
16512
16392
16384
16384
16384
8192
16384
16384
16384
16384
926338
401458
173074
172032
133120
90112
100352
65568
66048
65536
49152
40960
40960
32768
32768
32768
32768
32768
16386
16384
16512
18432
16384
16384
8192
16384
16384
16384
16384
709069
323712
279074
198912
139272
102400
73856
98304
66560
36866
40960
49152
49152
32768
33024
32768
16385
16448
32768
32768
16384
16384
16384
16384
16384
16384
16384
256
2048
512
812703
377825
229504
217090
131074
133184
102400
98304
67584
66560
65568
49152
33808
32768
32768
24576
32768
32768
16384
16384
16384
16384
16384
16384
16384
16384
16384
8192
8192
4096
16384
862177
365984
297108
164001
147456
131074
98304
98304
73728
65538
49152
40960
32768
40960
32776
32768
32768
16640
16384
16384
16384
16384
16384
16384
16384
16384
2048
16384
2048
16384
16384
64
789318
395304
233472
212992
132096
81936
99328
69634
81920
65536
40960
36864
49152
32768
32896
32772
32768
32768
32768
24576
16384
16384
16384
16384
8192
8192
16384
8192
16384
1024
16
512
8
736322
295958
278528
163844
136192
139264
98560
98304
69632
66560
49152
49152
33280
34816
32768
32768
32768
20480
16384
32768
18432
16384
16384
16384
16384
16384
8192
16384
4096
16384
512
512
128
0
766083
410240
197636
212992
139332
135168
98368
81920
67584
49152
69632
40960
32896
32768
33280
32768
32768
20480
32768
16384
16384
16385
16384
16384
16384
16384
16384
4096
8
512
4096
16
8192
0
0
854072
336656
169984
196936
132104
83968
98304
98304
67584
73728
65544
33792
36864
36864
32776
32768
32768
32768
32768
32768
16384
16384
16384
16384
16384
16384
16384
8192
8192
16384
16384
16384
0
0
0
0
743208
403588
262208
196736
147456
102400
98307
81924
70656
65792
49152
40960
40960
36864
33024
32768
36864
32768
16384
24576
16385
16384
16384
16384
8192
16384
16384
16384
16384
4
0
2048
8192
0
0
0
2
816979
286794
260610
163840
149504
131344
98312
98304
69664
40960
49152
32800
36864
33792
33792
32896
20480
32768
16384
16384
16384
16384
16384
16384
8192
16384
2048
16384
8192
1024
128
16384
16384
0
0
0
0
0
778337
419392
278530
204932
147456
131072
114688
81920
66560
53248
40960
40960
36864
32776
33792
32768
32768
32768
32768
16384
32768
16384
16384
16384
16384
16384
8192
16384
16384
256
256
1024
0
0
0
0
0
0
0
824093
360458
278660
167936
163976
84000
106496
98304
69632
65536
36864
49154
34816
32784
32896
32768
33024
32768
16416
17408
16384
16384
16384
16384
16384
16384
16384
8192
16384
4096
4096
512
512
32
2048
0
0
0
0
0
846108
361728
237568
229632
133640
131073
106496
98304
67584
66560
73728
49152
33792
34816
32770
34816
33792
32768
32768
16640
16384
16384
8192
16384
16384
16384
16384
8192
64
128
256
0
0
0
256
0
0
0
0
0
0
722583
444680
165897
163840
164866
132098
98304
73728
73728
66560
36864
40960
32768
33792
32768
32768
32768
16416
16384
16384
16384
16384
16384
16384
4096
16384
16384
16384
16384
1024
8192
4
0
2048
0
0
0
0
0
0
0
0
724593
370432
270336
163856
149504
90112
98304
69632
73744
73728
65536
40960
33280
33280
34816
32768
18432
32768
32768
16384
16388
16384
16384
16384
16384
16384
16384
16384
2048
8192
8192
16
1024
0
0
0
0
0
0
0
0
0
0
841002
314383
184352
196608
163840
98304
98308
82432
73728
65536
65536
34816
40960
36864
32768
32768
16896
32768
16384
24576
16384
16384
16384
16384
8192
16384
16384
16384
16384
4
2048
16384
16384
0
0
0
0
0
0
0
0
0
0
0
799904
401948
278786
223232
139264
90112
98304
81920
69664
65536
65536
49152
49152
33024
32768
32768
32768
16512
32768
16384
16384
16384
16384
16384
16384
16384
256
4096
4
16384
0
256
0
0
0
0
0
0
0
0
0
0
0
0
0
926049
410528
299008
196738
164384
131072
98320
98304
65856
65568
40960
36864
32896
33024
33792
32772
32768
32768
16384
20480
16384
16384
16384
16384
16384
16384
16384
16384
8192
4096
2048
0
0
0
0
0
0
0
0
0
0
0
0
0
0
0
852643
416324
229890
204800
147712
131072
73728
98560
81920
65568
49152
40960
33024
32772
32896
32768
32768
32896
32768
32768
16384
16384
16384
16384
16384
16384
16384
16384
1024
8192
512
2048
0
64
0
2
0
0
0
0
0
0
0
0
0
0
0
819477
393235
287744
198658
132100
131072
81924
98304
69632
67584
49152
49152
36864
34816
32896
34816
33024
32768
32768
16384
16384
18432
16384
16384
16384
16384
16384
8192
16384
256
8192
1024
0
0
0
0
0
0
0
0
0
0
0
0
0
0
0
0
914352
363520
294914
172032
139520
139282
98432
98304
66048
65536
40960
49152
49152
36864
40960
33280
32768
32768
20480
17408
16384
16384
16384
16384
16384
8192
16384
16384
16384
512
16384
4
32
0
0
0
0
0
0
0
0
0
0
0
0
0
0
0
0
847711
400770
229394
168960
133120
98432
98304
83968
73728
65536
33792
40960
36864
36864
32768
32768
32768
32768
32768
16388
16896
16400
16384
16384
16384
16384
8192
8192
256
16384
1024
16384
32
0
0
0
0
0
0
0
0
0
0
0
0
0
0
0
0
0
