666
580 818 44 1462 1145 1.1000
336 338 244 1078 639 2.1000
254 237 5 1837 1792 2.1000
471 659 215 1383 814 4.1000
807 142 573 1708 1613 2.1000
395 797 71 1167 902 1.1000
887 396 284 1861 1223 4.1000
413 826 18 1947 1073 2.1000
116 718 21 352 1516 1.1000
156 441 73 415 1368 4.1000
891 261 134 1727 1960 4.1000
280 854 23 1105 1885 3.1000
308 906 1 1666 1847 2.1000
543 941 504 1473 978 1.1000
889 339 689 1789 1705 2.1000
824 271 652 1827 1418 1.1000
626 233 116 1125 1763 4.1000
244 327 29 1763 1907 4.1000
432 283 408 1937 1994 3.1000
277 165 79 758 980 4.1000
886 703 231 1773 1561 2.1000
397 710 120 1345 1387 1.1000
955 512 293 1581 1588 3.1000
874 115 657 1837 220 2.1000
571 249 375 926 529 4.1000
490 348 368 1882 1978 4.1000
962 639 671 1882 1692 2.1000
607 189 107 1650 1308 4.1000
519 366 16 555 686 1.1000
284 205 255 1359 1134 2.1000
580 181 473 1851 1970 3.1000
355 517 68 1692 1217 3.1000
713 381 523 1757 1700 2.1000
785 496 327 1971 1143 3.1000
398 709 250 566 1784 1.1000
730 899 726 954 1330 2.1000
471 898 121 1501 1666 4.1000
685 608 436 1202 1698 2.1000
474 927 400 726 1639 3.1000
372 317 322 1322 320 2.1000
382 498 301 706 788 3.1000
990 863 25 1766 1227 4.1000
967 607 544 1368 1644 1.1000
950 360 711 1015 856 2.1000
401 973 174 663 1132 2.1000
218 548 95 1527 695 4.1000
941 902 706 1150 945 1.1000
609 854 464 740 1594 3.1000
390 144 287 617 1748 4.1000
778 353 67 1806 749 2.1000
408 820 70 1241 1027 1.1000
527 195 30 836 222 4.1000
623 971 262 1084 1803 3.1000
973 713 293 1112 721 1.1000
203 980 162 1023 1547 2.1000
582 735 572 1665 1534 2.1000
424 608 41 1402 959 3.1000
1000 300 729 1857 608 2.1000
973 823 938 1461 1379 2.1000
512 408 243 1812 1069 3.1000
372 880 251 1902 1092 2.1000
829 508 698 1952 1511 1.1000
844 280 617 1259 1529 4.1000
778 694 330 1060 1341 2.1000
576 585 122 1064 1591 1.1000
905 176 509 1191 1666 4.1000
701 614 134 1030 1257 3.1000
491 437 486 1884 1941 3.1000
649 802 493 788 1288 3.1000
454 463 56 1353 1093 4.1000
676 172 342 1449 1756 1.1000
175 596 36 1825 1296 4.1000
212 170 99 1186 699 4.1000
885 834 30 1862 1280 1.1000
687 170 646 1556 439 2.1000
459 315 89 1479 1338 4.1000
423 892 313 1801 1730 1.1000
842 982 241 1213 1838 3.1000
246 702 67 396 1766 2.1000
357 642 43 1537 1886 4.1000
302 681 95 1084 768 1.1000
768 105 338 1796 745 2.1000
330 332 11 1219 634 1.1000
983 560 315 1072 1889 1.1000
631 265 257 1502 790 4.1000
330 203 166 965 207 4.1000
732 478 292 1478 837 4.1000
240 801 208 817 821 4.1000
963 905 305 1368 1947 4.1000
298 215 264 559 1909 1.1000
757 575 598 1734 1332 1.1000
240 702 126 951 1130 3.1000
256 782 87 752 1686 2.1000
105 386 17 1412 1780 2.1000
709 458 255 1285 1099 4.1000
414 167 121 1443 1803 3.1000
487 107 367 1123 380 1.1000
383 533 237 1639 1925 1.1000
443 579 364 1864 1239 1.1000
229 379 198 915 645 4.1000
407 151 161 1567 575 2.1000
586 406 253 1505 1643 3.1000
702 597 389 1488 1625 4.1000
510 454 446 824 1907 2.1000
131 787 130 1583 1516 2.1000
711 728 29 1789 1415 1.1000
723 737 711 1917 1945 3.1000
861 535 763 1568 1413 2.1000
672 205 404 1007 547 3.1000
696 815 309 1458 1802 1.1000
990 768 439 1594 1692 4.1000
477 363 177 1016 1512 1.1000
943 147 687 1398 1356 1.1000
617 763 22 778 1708 3.1000
206 259 168 1938 1404 3.1000
155 519 142 1738 1122 1.1000
162 193 128 627 782 3.1000
877 277 393 1509 561 3.1000
414 143 207 659 1998 2.1000
703 114 315 1439 814 4.1000
579 665 554 770 1568 1.1000
113 106 53 1973 1100 3.1000
830 103 59 1655 916 1.1000
372 386 358 681 577 3.1000
664 635 208 1308 1615 1.1000
215 106 62 1744 1382 2.1000
922 705 482 1726 1403 1.1000
740 797 233 1668 1326 1.1000
436 163 423 1902 514 3.1000
282 610 143 974 1619 4.1000
450 682 256 617 1897 3.1000
498 846 386 1792 1251 4.1000
396 211 149 529 1993 4.1000
616 550 457 1023 583 4.1000
967 479 306 1670 841 2.1000
234 312 177 1975 1383 3.1000
186 331 76 807 1357 4.1000
636 406 507 1045 1521 4.1000
651 348 4 1515 1583 4.1000
960 887 465 1398 1844 2.1000
437 419 252 1120 933 2.1000
767 535 103 1434 1589 1.1000
141 229 21 177 1187 2.1000
415 203 353 1939 302 1.1000
215 673 160 911 1658 4.1000
292 333 162 706 1645 2.1000
591 503 582 1907 870 3.1000
335 414 196 1412 1019 1.1000
868 534 389 1424 1001 1.1000
675 964 510 996 1456 2.1000
801 800 361 1393 962 4.1000
905 863 582 1825 1503 3.1000
476 870 376 915 1463 4.1000
861 397 258 1320 1176 4.1000
964 565 73 1356 1317 4.1000
310 627 93 345 638 3.1000
821 491 800 886 563 2.1000
962 869 715 1899 1021 1.1000
996 294 205 1011 1353 4.1000
744 144 37 953 328 1.1000
501 761 478 1804 1928 1.1000
456 910 358 721 1607 2.1000
180 533 27 1517 1809 1.1000
405 844 340 1266 891 4.1000
890 962 879 1679 1091 2.1000
865 806 409 1474 1015 3.1000
555 949 353 1187 1572 2.1000
786 592 302 1335 1002 1.1000
441 874 22 1362 1961 4.1000
526 959 488 1851 1559 2.1000
161 844 44 973 1443 2.1000
574 141 165 1573 1330 1.1000
138 967 12 1812 1888 4.1000
276 743 257 297 1245 3.1000
671 743 276 1022 1309 3.1000
221 587 192 602 1413 1.1000
506 763 266 1956 1051 3.1000
351 443 314 1417 1734 1.1000
750 607 107 1436 1230 4.1000
651 279 238 1444 1388 3.1000
696 942 85 715 1724 1.1000
773 711 175 1572 1272 3.1000
151 662 118 990 1271 1.1000
485 394 292 802 1143 3.1000
453 344 60 687 413 4.1000
527 586 98 1771 932 3.1000
934 895 745 1116 987 4.1000
366 277 173 1923 1835 4.1000
861 227 645 1472 1700 2.1000
891 213 105 1277 1344 3.1000
709 223 154 1601 544 1.1000
388 239 39 1694 907 2.1000
684 905 168 782 1185 3.1000
363 406 61 1909 946 1.1000
838 195 195 1886 1278 3.1000
316 428 58 717 1752 3.1000
729 492 430 743 1327 3.1000
606 499 47 1601 1496 2.1000
386 647 222 808 861 3.1000
566 958 122 627 1972 2.1000
100 776 38 807 1692 2.1000
101 635 15 1378 1054 1.1000
901 925 799 938 929 3.1000
172 208 99 1977 419 3.1000
881 607 495 1058 1885 3.1000
237 180 102 853 1295 1.1000
532 541 513 1745 1136 3.1000
840 289 391 861 577 2.1000
141 175 94 1408 1571 2.1000
643 695 224 1177 1798 3.1000
387 876 86 1833 1945 3.1000
306 994 305 1076 1774 4.1000
999 764 739 1985 1096 1.1000
327 329 57 1827 1523 4.1000
183 725 145 1392 1381 2.1000
387 881 127 707 1934 2.1000
168 234 78 866 1878 1.1000
408 257 44 781 1527 4.1000
322 844 181 611 1544 2.1000
949 872 533 1588 1669 2.1000
217 219 15 1674 1747 1.1000
986 230 70 1710 1282 1.1000
602 745 445 851 1068 4.1000
998 738 384 1823 847 1.1000
156 531 14 810 930 1.1000
146 925 65 1119 1513 4.1000
215 481 183 1557 1757 3.1000
108 717 14 317 1854 4.1000
428 636 110 1109 913 3.1000
680 523 560 1468 1278 1.1000
396 271 369 1426 1867 3.1000
224 324 20 1034 1222 1.1000
840 629 308 844 654 2.1000
287 132 15 1240 546 4.1000
738 508 367 1875 1847 3.1000
656 930 125 1856 1864 4.1000
666 630 123 1246 891 1.1000
902 542 304 957 1662 3.1000
458 194 410 1130 948 4.1000
418 530 117 562 677 2.1000
249 161 129 559 849 4.1000
214 509 134 1738 1608 2.1000
839 792 686 1808 1781 3.1000
543 228 485 1860 1024 1.1000
386 731 348 1126 1836 2.1000
869 656 30 1694 1105 3.1000
512 842 52 1099 1255 2.1000
126 997 67 940 1195 3.1000
822 523 12 1026 891 3.1000
706 885 29 1383 1940 2.1000
855 513 375 1572 1163 2.1000
430 655 48 903 1465 4.1000
199 522 191 1638 1459 2.1000
150 843 16 1219 1478 4.1000
153 720 151 1103 1549 4.1000
880 225 212 1372 1525 1.1000
797 867 346 1442 1332 3.1000
897 830 310 1801 1265 3.1000
791 242 707 1012 1523 3.1000
590 323 319 1442 1976 2.1000
276 559 45 1720 764 1.1000
821 369 546 845 551 2.1000
262 697 83 928 1558 2.1000
417 446 180 1919 505 2.1000
338 121 236 1440 417 2.1000
694 750 97 828 855 3.1000
277 469 264 1841 1670 2.1000
540 832 67 1499 1793 2.1000
982 390 929 1234 1730 3.1000
535 989 179 1901 1722 4.1000
159 724 28 303 978 3.1000
367 286 122 1401 542 2.1000
462 702 103 1431 1401 4.1000
123 413 38 1838 415 2.1000
914 408 541 1274 967 3.1000
708 765 257 763 1512 3.1000
746 559 82 1061 886 1.1000
376 522 156 1189 1916 4.1000
952 675 124 1886 1282 1.1000
556 630 399 1884 1229 1.1000
768 436 44 1613 1323 3.1000
901 796 116 1223 1407 3.1000
604 942 111 1496 1909 4.1000
534 307 86 895 325 1.1000
225 236 125 1221 449 4.1000
566 985 497 1697 1877 1.1000
701 514 132 1209 875 2.1000
203 991 91 1210 1216 1.1000
518 113 310 1810 1163 2.1000
157 576 96 1956 1096 4.1000
370 750 227 487 1507 1.1000
726 560 67 880 1983 3.1000
482 405 383 1557 771 4.1000
148 891 63 1132 1934 1.1000
391 851 121 1051 1666 1.1000
668 334 413 1093 371 1.1000
573 780 149 640 1333 2.1000
373 717 175 1353 1585 3.1000
389 226 147 980 860 1.1000
114 918 97 1331 1893 2.1000
580 747 35 775 1136 2.1000
198 165 149 253 1378 1.1000
787 997 111 1109 1032 3.1000
896 887 509 1078 1165 4.1000
370 751 76 1425 1376 2.1000
213 337 16 631 455 3.1000
775 451 147 1513 1753 4.1000
678 941 648 1895 1658 3.1000
182 317 68 1306 1984 4.1000
434 485 32 1885 1301 2.1000
172 867 55 433 1756 1.1000
513 653 150 546 1012 4.1000
265 240 12 799 976 2.1000
601 185 511 1009 1421 4.1000
414 273 127 1941 1067 1.1000
596 593 87 1082 886 1.1000
584 242 409 585 332 4.1000
372 355 251 598 835 2.1000
618 712 358 1331 1608 2.1000
259 496 154 664 734 2.1000
444 419 181 1958 1504 1.1000
420 498 200 1624 1103 3.1000
678 649 144 1915 1615 3.1000
984 239 172 1889 675 4.1000
536 264 417 1182 490 3.1000
764 137 462 1692 554 1.1000
365 894 97 970 898 1.1000
539 513 174 1744 830 2.1000
524 699 420 1392 1456 1.1000
958 649 25 1358 1744 1.1000
748 105 645 1794 691 3.1000
786 310 690 1121 343 2.1000
204 956 182 1334 1860 3.1000
104 827 58 518 1002 3.1000
728 345 446 1727 797 3.1000
606 303 390 932 626 2.1000
467 294 362 1877 1519 3.1000
206 393 126 357 438 2.1000
756 257 517 1625 1608 1.1000
497 411 150 1950 433 1.1000
845 184 145 960 567 3.1000
699 822 565 1235 1585 1.1000
131 933 66 758 1542 2.1000
440 531 55 901 889 4.1000
819 782 173 1996 1149 3.1000
372 860 73 813 1027 4.1000
706 577 237 1700 1994 3.1000
266 979 71 1612 1334 1.1000
160 320 35 442 540 1.1000
265 602 250 873 1483 3.1000
639 765 470 1569 1354 3.1000
420 104 321 1270 574 2.1000
800 415 786 1173 1550 1.1000
406 447 148 1306 689 4.1000
954 939 516 1516 1340 1.1000
328 377 168 1787 1883 3.1000
322 891 241 1729 1901 2.1000
728 320 220 799 1061 2.1000
126 575 9 490 1299 2.1000
544 247 35 611 1412 2.1000
256 489 19 1021 1823 1.1000
734 680 630 1645 1337 1.1000
144 551 133 1992 636 2.1000
985 301 449 1179 1753 3.1000
693 783 595 718 1235 3.1000
458 878 415 477 1855 2.1000
232 835 110 1336 1703 4.1000
846 183 41 910 1591 3.1000
504 359 35 1454 1210 1.1000
716 534 577 1111 1598 3.1000
530 552 342 1936 1093 4.1000
181 805 97 1356 1670 1.1000
342 727 244 666 1323 1.1000
988 172 362 1814 1183 4.1000
965 569 123 1734 1786 2.1000
165 857 17 1823 1164 3.1000
468 891 101 1251 1078 3.1000
728 226 202 879 287 1.1000
394 966 215 822 1265 3.1000
773 296 102 1455 1669 4.1000
123 573 58 1704 1534 1.1000
690 166 269 1682 1351 4.1000
723 194 402 939 1605 3.1000
565 128 393 1794 1129 3.1000
721 716 517 1420 1899 3.1000
551 176 474 1261 323 2.1000
579 607 84 1417 1875 3.1000
516 101 461 1890 1093 3.1000
896 905 44 1899 1401 4.1000
725 679 331 1787 1522 2.1000
925 156 214 1883 225 3.1000
188 405 105 751 1734 1.1000
164 469 88 995 1907 3.1000
144 299 2 1532 1884 2.1000
608 404 346 1469 1437 2.1000
300 611 176 389 1050 3.1000
913 309 147 1764 768 3.1000
942 157 501 1729 1275 3.1000
531 220 20 748 1877 3.1000
189 812 123 336 1856 2.1000
886 824 556 1849 1091 2.1000
745 307 338 1573 830 1.1000
411 669 311 1211 1900 3.1000
499 824 29 1621 977 4.1000
842 818 395 1620 1752 1.1000
291 494 151 1288 1816 3.1000
954 229 856 1415 1862 4.1000
499 731 427 964 772 2.1000
246 565 228 1640 1764 1.1000
702 941 133 1166 948 3.1000
990 786 629 995 1246 4.1000
186 269 138 1520 662 1.1000
621 333 412 1430 641 2.1000
222 884 28 334 934 2.1000
475 292 69 1358 1169 4.1000
291 330 240 493 1885 1.1000
260 396 213 1975 1028 2.1000
734 363 652 1579 1894 3.1000
371 651 165 1133 1122 3.1000
889 618 486 1808 1173 1.1000
821 448 491 1450 599 4.1000
271 266 7 512 349 1.1000
144 897 133 1154 967 1.1000
629 487 263 1512 1170 1.1000
569 433 450 1638 557 4.1000
951 845 3 1553 1230 1.1000
444 652 283 1546 718 3.1000
169 891 10 210 1384 2.1000
241 137 99 474 1436 1.1000
323 790 13 1487 1612 4.1000
671 310 454 1560 584 3.1000
543 778 465 1665 1806 4.1000
750 252 520 1928 1194 2.1000
710 102 293 1043 1695 1.1000
891 988 200 1051 1946 1.1000
655 527 503 848 1702 2.1000
650 523 35 1543 1250 4.1000
841 405 682 1495 1609 1.1000
342 483 172 739 1876 3.1000
281 304 255 1739 1088 4.1000
866 523 290 899 1023 3.1000
314 760 179 440 1200 1.1000
539 484 309 771 1276 4.1000
748 230 343 1555 1894 2.1000
947 826 172 1330 1712 2.1000
392 906 22 1798 1791 1.1000
140 255 40 437 611 2.1000
568 506 269 683 1533 4.1000
438 727 371 1360 835 4.1000
429 963 329 855 1516 1.1000
607 661 282 1114 864 3.1000
925 645 845 1132 733 4.1000
118 714 89 241 923 4.1000
520 131 451 987 1743 2.1000
408 302 150 1959 697 2.1000
709 488 343 920 1319 1.1000
369 166 142 1119 1218 2.1000
519 602 359 826 1637 4.1000
147 366 3 1411 388 3.1000
782 491 613 1533 748 4.1000
135 688 60 1765 1817 2.1000
850 917 134 1781 1793 2.1000
111 342 40 500 1293 4.1000
778 506 27 1376 1197 1.1000
277 218 131 1506 232 4.1000
919 952 79 1508 1894 1.1000
938 155 661 1972 1753 1.1000
772 366 199 1017 1159 4.1000
943 786 605 1274 1327 2.1000
866 873 580 1327 1736 4.1000
219 906 26 933 1660 1.1000
825 216 641 1452 1193 2.1000
378 721 78 1131 1390 4.1000
491 201 171 1595 1713 3.1000
679 123 352 1750 1695 1.1000
603 478 434 1622 755 4.1000
160 843 30 536 1755 3.1000
864 710 251 956 736 2.1000
587 790 386 899 957 4.1000
577 243 175 1285 1020 3.1000
132 844 51 1910 1545 1.1000
978 192 499 1408 1301 1.1000
401 478 372 590 905 4.1000
668 194 345 1327 764 3.1000
706 670 686 1925 1935 3.1000
310 494 261 1503 1966 4.1000
558 424 412 1607 1684 3.1000
728 760 213 938 1625 2.1000
188 760 122 254 1625 2.1000
206 621 204 1783 1481 1.1000
463 467 142 870 628 1.1000
554 433 160 1456 588 4.1000
645 908 234 1199 994 2.1000
562 395 341 761 1552 1.1000
342 669 99 1124 1080 4.1000
372 862 308 561 1205 2.1000
356 382 37 1019 906 2.1000
354 485 169 1102 1702 3.1000
532 295 525 1619 1069 3.1000
654 183 551 1094 743 2.1000
254 834 91 1503 1730 3.1000
534 960 283 1130 1788 4.1000
315 448 307 888 1956 3.1000
491 881 138 1103 966 1.1000
347 640 170 1656 979 2.1000
619 217 55 1335 1535 2.1000
185 574 33 1458 963 3.1000
532 284 318 1668 525 2.1000
846 308 277 919 409 2.1000
691 594 341 735 680 1.1000
797 409 369 1690 1862 2.1000
370 506 288 989 1181 4.1000
560 950 196 630 1512 4.1000
732 941 317 763 1473 3.1000
563 201 460 1324 1128 2.1000
894 920 78 1547 1652 3.1000
272 483 42 484 1262 3.1000
867 601 556 1518 1204 2.1000
213 604 110 215 884 2.1000
931 958 227 1679 1164 1.1000
673 855 550 898 1450 3.1000
360 156 285 1296 591 3.1000
983 147 201 1333 1605 1.1000
809 698 722 1366 1582 3.1000
812 822 625 1489 1021 4.1000
982 341 228 1510 1811 3.1000
402 834 188 1907 1985 3.1000
633 510 165 1764 1986 1.1000
312 543 125 615 1121 2.1000
933 197 453 1016 364 3.1000
977 816 72 1193 1158 1.1000
283 926 160 863 1184 1.1000
971 516 81 1085 538 1.1000
439 553 24 1512 1714 2.1000
386 253 366 1514 1880 3.1000
466 582 159 1208 1002 2.1000
555 161 235 785 195 1.1000
861 357 160 1379 1116 3.1000
473 802 196 1374 1596 1.1000
822 915 788 1321 1418 4.1000
394 245 353 1039 787 3.1000
815 259 369 1901 1729 1.1000
367 676 86 1197 1557 3.1000
925 228 300 1777 911 3.1000
372 410 299 966 1502 3.1000
590 723 74 1403 1267 1.1000
751 402 154 1145 1566 1.1000
154 584 17 858 1546 2.1000
911 346 663 1367 1556 2.1000
959 192 62 1408 1301 1.1000
590 959 413 1937 1593 2.1000
741 714 263 929 1826 3.1000
401 197 28 455 1435 1.1000
735 359 677 1589 746 1.1000
828 481 20 1447 985 4.1000
338 677 13 1739 1175 2.1000
890 223 639 1726 1400 3.1000
339 636 108 769 1994 1.1000
634 427 271 1208 694 4.1000
651 679 594 1110 1721 4.1000
411 959 200 1030 1283 3.1000
880 292 619 999 1602 1.1000
482 468 20 1735 780 4.1000
990 533 666 1383 1734 3.1000
625 292 120 1791 1630 1.1000
841 469 82 1277 1851 3.1000
711 882 441 1272 927 2.1000
458 329 149 1241 1737 1.1000
911 597 78 1068 1898 3.1000
534 954 423 1128 1345 2.1000
297 505 172 1878 651 2.1000
361 567 272 1159 1749 1.1000
883 558 186 1037 1926 1.1000
406 676 209 1236 1325 1.1000
533 947 331 741 952 1.1000
631 327 393 1113 1488 1.1000
266 350 218 1755 1171 2.1000
326 846 96 1362 1449 4.1000
924 666 736 1822 1770 4.1000
814 924 361 885 1669 4.1000
505 762 444 907 855 1.1000
244 439 176 1351 797 2.1000
721 880 68 869 1777 2.1000
953 323 186 1377 804 4.1000
399 379 220 874 1901 4.1000
629 813 318 793 1536 4.1000
377 566 124 1537 954 2.1000
510 728 484 1795 1818 2.1000
530 993 386 1627 1221 2.1000
600 251 479 1103 1237 3.1000
599 961 162 1961 1773 4.1000
433 777 83 1517 1856 1.1000
592 455 579 906 503 4.1000
363 262 260 1780 1687 2.1000
284 174 204 1416 802 3.1000
888 330 395 889 1221 1.1000
850 733 106 1316 1799 4.1000
800 564 209 1987 1998 4.1000
931 256 185 1397 1629 1.1000
370 693 169 738 1214 1.1000
289 749 79 830 1700 2.1000
686 356 54 1682 1593 3.1000
340 198 239 1855 863 3.1000
663 796 101 1590 1239 2.1000
702 960 246 1901 1228 4.1000
130 824 78 189 1141 4.1000
806 358 466 1476 1538 4.1000
687 267 267 1420 722 2.1000
981 493 420 1206 727 3.1000
326 218 96 1022 1497 1.1000
102 742 23 1017 1400 2.1000
667 778 574 1211 1824 2.1000
162 735 83 1812 1126 3.1000
662 145 326 1871 450 2.1000
506 708 465 576 1024 3.1000
444 429 342 640 1826 2.1000
780 112 319 1820 1339 3.1000
423 233 194 1450 1186 4.1000
602 786 432 1199 917 2.1000
536 823 519 719 899 1.1000
200 713 140 1555 1583 3.1000
834 334 93 1299 958 3.1000
874 438 672 1288 1556 4.1000
657 607 55 773 1822 4.1000
196 564 147 786 1358 2.1000
331 873 277 1933 1044 1.1000
919 512 631 1128 1191 4.1000
451 915 48 1001 1518 1.1000
619 957 29 733 1384 3.1000
340 480 110 674 1861 3.1000
867 915 563 1378 1319 2.1000
412 388 344 1983 1678 3.1000
888 472 47 1577 871 3.1000
840 634 299 1722 937 2.1000
395 384 35 782 1086 1.1000
334 583 321 1459 1235 2.1000
629 282 172 1689 570 4.1000
719 917 473 905 1831 3.1000
654 319 549 1742 602 2.1000
979 857 641 1552 1812 3.1000
248 126 18 769 1987 1.1000
418 920 295 1196 1356 4.1000
468 982 160 1060 1962 3.1000
611 322 23 1255 741 4.1000
113 311 68 339 1232 2.1000
644 239 242 827 370 4.1000
360 411 246 657 786 2.1000
665 826 86 1953 1610 1.1000
634 836 332 1773 1223 3.1000
581 610 394 1671 1519 3.1000
769 785 227 1741 880 2.1000
728 891 220 777 1598 3.1000
533 777 166 1464 1898 3.1000
207 445 80 1993 656 4.1000
629 723 582 1914 1044 4.1000
718 969 484 929 1403 3.1000
609 907 270 1543 1110 4.1000
948 974 620 1265 1897 2.1000
140 247 74 852 1570 4.1000
563 939 198 1608 987 3.1000
334 348 160 373 744 4.1000
944 464 333 1810 627 3.1000
601 694 505 1654 1228 3.1000
805 213 739 1525 817 1.1000
399 859 185 1380 1286 3.1000
747 925 535 893 1159 4.1000

