81
551124992 551129087
2205057024 2205061119
4204900352 4204904447
2341777408 2341781503
971116544 971120639
1971425280 1971429375
2574172160 2574176255
3634294784 3634298879
3074641920 3074646015
2505687040 2505691135
3824623616 3824627711
312602624 312606719
4191993856 4191997951
1801621504 1801625599
727842816 727846911
2887520256 2887524351
2965008384 2965012479
130166784 130170879
3063283712 3063287807
974942208 974946303
151785472 151789567
3315060736 3315064831
607043584 607047679
842919936 842924031
549707776 549711871
1015558144 1015562239
3952988160 3952992255
3649171456 3649175551
546496512 546500607
3187011584 3187015679
28962816 28966911
224092160 224096255
760012800 760016895
2156093440 2156097535
3983396864 3983400959
1612738560 1612742655
927322112 927326207
2668310528 2668314623
3319889920 3319894015
657408000 657412095
1902571520 1902575615
2437660672 2437664767
3805020160 3805024255
4262723584 4262727679
4144484352 4144488447
1932922880 1932926975
2535608320 2535612415
3907411968 3907416063
1389105152 1389109247
2055303168 2055307263
265392128 265396223
3073138688 3073142783
1972703232 1972707327
3960741888 3960745983
1915539456 1915543551
1387044864 1387048959
1790742528 1790746623
3966676992 3966681087
2197168128 2197172223
1721774080 1721778175
3642773504 3642777599
2426195968 2426200063
684040192 684044287
4047433728 4047437823
3617705984 3617710079
3518025728 3518029823
752021504 752025599
3240005632 3240009727
1538572288 1538576383
1148952576 1148956671
740327424 740331519
696266752 696270847
3741663232 3741667327
2280386560 2280390655
4206542848 4206546943
3872428032 3872432127
1668132864 1668136959
116645888 116649983
586137600 586141695
2272591872 2272595967
854806528 854810623