99
6 2 0 2 0 2 0
3 1 0 2 0 0 0
5 1 0 3 0 1 0
80 31 0 31 0 18 0
764 339 0 133 0 292 0
103 48 0 50 0 5 0
946 426 0 238 0 282 0
432 213 0 133 0 86 0
561 140 0 14 0 407 0
644 298 0 143 0 203 0
843 13 0 54 0 776 0
389 112 0 156 0 121 0
468 75 0 182 0 211 0
542 252 0 82 0 208 0
567 240 0 131 0 196 0
574 132 0 162 0 280 0
185 59 0 49 0 77 0
896 92 0 399 0 405 0
1000 0 0 499 0 501 0
377 159 0 138 0 80 0
1000 500 0 500 0 0 0
6 3 0 2 0 1 0
320 129 0 47 0 144 0
913 410 0 204 0 299 0
804 326 0 237 0 241 0
374 51 0 141 0 182 0
536 164 0 212 0 160 0
3 1 0 1 0 1 0
951 453 0 425 0 73 0
4 1 0 2 0 1 0
603 286 0 197 0 120 0
7 2 0 3 0 2 0
5 2 0 2 0 1 0
892 332 0 177 0 383 0
850 319 0 107 0 424 0
901 601 0 126 0 174 0
458 224 0 13 0 221 0
999 499 0 250 0 250 0
776 342 0 402 0 32 0
201 43 0 65 0 93 0
215 97 0 31 0 87 0
3 3 0 0 0 0 0
191 73 0 59 0 59 0
229 76 0 81 0 72 0
1000 250 0 500 0 250 0
131 54 0 25 0 52 0
453 183 0 199 0 71 0
639 171 0 291 0 177 0
4 2 0 2 0 0 0
999 0 0 499 0 500 0
858 38 0 412 0 408 0
299 123 0 136 0 40 0
595 99 0 201 0 295 0
4 2 0 1 0 1 0
415 188 0 173 0 54 0
181 59 0 32 0 90 0
3 2 0 1 0 0 0
369 124 0 179 0 66 0
5 2 0 0 0 3 0
852 391 0 154 0 307 0
970 378 0 449 0 143 0
982 393 0 196 0 393 0
576 219 0 182 0 175 0
125 25 0 53 0 47 0
430 184 0 122 0 124 0
351 121 0 124 0 106 0
553 186 0 284 0 83 0
610 208 0 117 0 285 0
642 221 0 282 0 139 0
681 270 0 258 0 153 0
112 23 0 42 0 47 0
15 2 0 7 0 6 0
422 1 0 415 0 6 0
976 176 0 153 0 647 0
514 162 0 225 0 127 0
861 417 0 429 0 15 0
999 500 0 249 0 250 0
542 161 0 165 0 216 0
4 3 0 1 0 0 0
227 184 0 6 0 37 0
6 3 0 0 0 3 0
243 42 0 90 0 111 0
743 329 0 89 0 325 0
1000 333 0 333 0 334 0
136 65 0 31 0 40 0
245 73 0 64 0 108 0
151 16 0 83 0 52 0
999 499 0 1 0 499 0
850 97 0 346 0 407 0
4 1 0 1 0 2 0
385 170 0 144 0 71 0
845 30 0 418 0 397 0
1000 1 0 499 0 500 0
545 183 0 115 0 247 0
271 76 0 72 0 123 0
342 58 0 139 0 145 0
8 3 0 1 0 4 0
999 333 0 333 0 333 0
655 71 0 582 0 2 0
