99
2525 1
2400 5
300 2
120 60
60 90
381197226 1
222889394 5634
542606985 1
384967908 9340
820839584 1
446046048 5858
316959462 1
58764290 5635
792767513 1
718807235 8258
597525543 1
36094784 4606
67748749 1
21993775 961
989101736 1
541323021 3443
335866884 1
189569121 5355
1000000000 2
2 2
1 3
976667447 1
6403456 6294
963025529 1
273964869 373
930785171 1
894682630 2143
33117720 1
2203548 5578
1000000000 2
998000000 10000
999000000 10000
460882445 1
162168714 1194
911401620 1
764071623 9498
200000 2
5000 9
5001 1
112290021 1
47376779 162
959181220 1
173522279 2976
1000000000 1
999999999 10000
597692312 1
229105124 73
1000000000 2
12345676 2
12345675 3
462783981 1
390864657 4873
611856250 1
16981488 2029
681122972 1
407788058 8660
324389165 1
74756297 853
804138923 1
196740657 5738
904308258 1
774133006 8619
988943069 1
941752024 7995
134025505 1
693959 2717
308474914 1
15881796 8247
123675240 1
85508402 1667
944876839 1
655569589 8116
431452044 1
429503256 8742
649805440 1
94593617 3404
1000000000 1
999999999 1
709570561 1
412887046 5082
2 1
1 1
1000000000 1
1 1
1000000000 1
1 10000
754174876 1
358587535 115
382018095 1
349649741 567
656780138 1
264509399 9608
1000000000 2
999999998 3
999999999 2
943883796 1
741507221 2528
692254284 1
434321651 6296
133730642 1
54788276 4220
574541220 1
536456716 3257
1000000000 2
100 10000
200 10000
260282088 1
171006000 7735
266634664 1
239828376 6548
735031064 1
265695825 8765
101405735 1
21900592 7069
757997207 1
527361849 650
396076964 1
315353932 5106
2 1
1 10000
699000730 1
27877837 8966
222757601 1
51176318 3998
732113340 1
320466642 5743
463668199 1
169270498 9551
1286026 1
915512 1585
945616151 1
546179019 4300
260464137 1
39758119 8210
116763792 1
93592923 2963
835463841 1
67711808 5557
887378691 1
815955701 3297
813415198 1
763337403 1875
474371352 1
165079582 2284
1000000000 2
999999997 2
999999996 3
820783335 1
217619442 5634
71107227 1
48734897 4146
811915262 1
475681588 4929
915413719 1
532942589 4585
83351112 1
60537995 2734
638806326 1
592773680 4807
27285998 1
10232115 7442
103315587 2
36357666 5107
4592473 251
809894876 1
789207840 5824
1000000000 2
999000000 1
998000000 1
250710481 1
71167129 6661
920640438 1
66053235 96
89355947 1
56088226 8684
171913086 1
107681189 1391
106065930 1
46425982 1805
584282390 1
543582646 6960
586021356 1
225325416 3401
461035249 1
42270543 5546
929566227 1
210361023 3288
1000000000 2
999999997 3
999999998 2
144616645 1
42577950 1215
529289054 1
303955674 5720
828640732 1
727868724 6494
968421831 2
405275400 9017
590101688 4194
330791838 1
74915620 7305
961117910 1
475133113 4647
867815665 1
399120548 9730
