1 0
2 0
3 1
4 0
5 0
6 4
7 6
8 0
9 1
10 0
11 10
12 4
13 12
14 6
15 10
16 8
17 14
18 10
19 12
20 0
21 13
22 10
23 11
24 16
25 0
26 12
27 1
28 20
29 14
30 10
31 8
32 8
33 10
34 14
35 20
36 28
37 1
38 12
39 25
40 0
41 16
42 34
43 11
44 32
45 10
46 34
47 13
48 40
49 20
50 0
51 31
52 12
53 46
54 28
55 10
56 48
57 31
58 14
59 56
60 40
61 24
62 8
63 55
64 40
65 25
66 10
67 62
68 48
69 34
70 20
71 6
72 64
73 51
74 38
75 25
76 12
77 76
78 64
79 52
80 40
81 28
82 16
83 4
84 76
85 65
86 54
87 43
88 32
89 21
90 10
91 90
92 80
93 70
94 60
95 50
96 40
97 30
98 20
99 10
100 0
101 91
102 82
103 73
104 64
105 55
106 46
107 37
108 28
109 19
110 10
111 1
112 104
113 96
114 88
115 80
116 72
117 64
118 56
119 48
120 40
121 32
122 24
123 16
124 8
125 0
126 118
127 111
128 104
129 97
130 90
131 83
132 76
133 69
134 62
135 55
136 48
137 41
138 34
139 27
140 20
141 13
142 6
143 142
144 136
145 130
146 124
147 118
148 112
149 106
150 100
151 94
152 88
153 82
154 76
155 70
156 64
157 58
158 52
159 46
160 40
161 34
162 28
163 22
164 16
165 10
166 4
167 165
168 160
169 155
170 150
171 145
172 140
173 135
174 130
175 125
176 120
177 115
178 110
179 105
180 100
181 95
182 90
183 85
184 80
185 75
186 70
187 65
188 60
189 55
190 50
191 45
192 40
193 35
194 30
195 25
196 20
197 15
198 10
199 5
200 0
201 196
202 192
203 188
204 184
205 180
206 176
207 172
208 168
209 164
210 160
211 156
212 152
213 148
214 144
215 140
216 136
217 132
218 128
219 124
220 120
221 116
222 112
223 108
224 104
225 100
226 96
227 92
228 88
229 84
230 80
231 76
232 72
233 68
234 64
235 60
236 56
237 52
238 48
239 44
240 40
241 36
242 32
243 28
244 24
245 20
246 16
247 12
248 8
249 4
250 0
251 247
252 244
253 241
254 238
255 235
256 232
257 229
258 226
259 223
260 220
261 217
262 214
263 211
264 208
265 205
266 202
267 199
268 196
269 193
270 190
271 187
272 184
273 181
274 178
275 175
276 172
277 169
278 166
279 163
280 160
281 157
282 154
283 151
284 148
285 145
286 142
287 139
288 136
289 133
290 130
291 127
292 124
293 121
294 118
295 115
296 112
297 109
298 106
299 103
300 100
301 97
302 94
303 91
304 88
305 85
306 82
307 79
308 76
309 73
310 70
311 67
312 64
313 61
314 58
315 55
316 52
317 49
318 46
319 43
320 40
321 37
322 34
323 31
324 28
325 25
326 22
327 19
328 16
329 13
330 10
331 7
332 4
333 1
334 332
335 330
336 328
337 326
338 324
339 322
340 320
341 318
342 316
343 314
344 312
345 310
346 308
347 306
348 304
349 302
350 300
351 298
352 296
353 294
354 292
355 290
356 288
357 286
358 284
359 282
360 280
361 278
362 276
363 274
364 272
365 270
366 268
367 266
368 264
369 262
370 260
371 258
372 256
373 254
374 252
375 250
376 248
377 246
378 244
379 242
380 240
381 238
382 236
383 234
384 232
385 230
386 228
387 226
388 224
389 222
390 220
391 218
392 216
393 214
394 212
395 210
396 208
397 206
398 204
399 202
400 200
401 198
402 196
403 194
404 192
405 190
406 188
407 186
408 184
409 182
410 180
411 178
412 176
413 174
414 172
415 170
416 168
417 166
418 164
419 162
420 160
421 158
422 156
423 154
424 152
425 150
426 148
427 146
428 144
429 142
430 140
431 138
432 136
433 134
434 132
435 130
436 128
437 126
438 124
439 122
440 120
441 118
442 116
443 114
444 112
445 110
446 108
447 106
448 104
449 102
450 100
451 98
452 96
453 94
454 92
455 90
456 88
457 86
458 84
459 82
460 80
461 78
462 76
463 74
464 72
465 70
466 68
467 66
468 64
469 62
470 60
471 58
472 56
473 54
474 52
475 50
476 48
477 46
478 44
479 42
480 40
481 38
482 36
483 34
484 32
485 30
486 28
487 26
488 24
489 22
490 20
491 18
492 16
493 14
494 12
495 10
496 8
497 6
498 4
499 2
500 0
501 499
502 498
503 497
504 496
505 495
506 494
507 493
508 492
509 491
510 490
511 489
512 488
513 487
514 486
515 485
516 484
517 483
518 482
519 481
520 480
521 479
522 478
523 477
524 476
525 475
526 474
527 473
528 472
529 471
530 470
531 469
532 468
533 467
534 466
535 465
536 464
537 463
538 462
539 461
540 460
541 459
542 458
543 457
544 456
545 455
546 454
547 453
548 452
549 451
550 450
551 449
552 448
553 447
554 446
555 445
556 444
557 443
558 442
559 441
560 440
561 439
562 438
563 437
564 436
565 435
566 434
567 433
568 432
569 431
570 430
571 429
572 428
573 427
574 426
575 425
576 424
577 423
578 422
579 421
580 420
581 419
582 418
583 417
584 416
585 415
586 414
587 413
588 412
589 411
590 410
591 409
592 408
593 407
594 406
595 405
596 404
597 403
598 402
599 401
600 400
601 399
602 398
603 397
604 396
605 395
606 394
607 393
608 392
609 391
610 390
611 389
612 388
613 387
614 386
615 385
616 384
617 383
618 382
619 381
620 380
621 379
622 378
623 377
624 376
625 375
626 374
627 373
628 372
629 371
630 370
631 369
632 368
633 367
634 366
635 365
636 364
637 363
638 362
639 361
640 360
641 359
642 358
643 357
644 356
645 355
646 354
647 353
648 352
649 351
650 350
651 349
652 348
653 347
654 346
655 345
656 344
657 343
658 342
659 341
660 340
661 339
662 338
663 337
664 336
665 335
666 334
667 333
668 332
669 331
670 330
671 329
672 328
673 327
674 326
675 325
676 324
677 323
678 322
679 321
680 320
681 319
682 318
683 317
684 316
685 315
686 314
687 313
688 312
689 311
690 310
691 309
692 308
693 307
694 306
695 305
696 304
697 303
698 302
699 301
700 300
701 299
702 298
703 297
704 296
705 295
706 294
707 293
708 292
709 291
710 290
711 289
712 288
713 287
714 286
715 285
716 284
717 283
718 282
719 281
720 280
721 279
722 278
723 277
724 276
725 275
726 274
727 273
728 272
729 271
730 270
731 269
732 268
733 267
734 266
735 265
736 264
737 263
738 262
739 261
740 260
741 259
742 258
743 257
744 256
745 255
746 254
747 253
748 252
749 251
750 250
751 249
752 248
753 247
754 246
755 245
756 244
757 243
758 242
759 241
760 240
761 239
762 238
763 237
764 236
765 235
766 234
767 233
768 232
769 231
770 230
771 229
772 228
773 227
774 226
775 225
776 224
777 223
778 222
779 221
780 220
781 219
782 218
783 217
784 216
785 215
786 214
787 213
788 212
789 211
790 210
791 209
792 208
793 207
794 206
795 205
796 204
797 203
798 202
799 201
800 200
801 199
802 198
803 197
804 196
805 195
806 194
807 193
808 192
809 191
810 190
811 189
812 188
813 187
814 186
815 185
816 184
817 183
818 182
819 181
820 180
821 179
822 178
823 177
824 176
825 175
826 174
827 173
828 172
829 171
830 170
831 169
832 168
833 167
834 166
835 165
836 164
837 163
838 162
839 161
840 160
841 159
842 158
843 157
844 156
845 155
846 154
847 153
848 152
849 151
850 150
851 149
852 148
853 147
854 146
855 145
856 144
857 143
858 142
859 141
860 140
861 139
862 138
863 137
864 136
865 135
866 134
867 133
868 132
869 131
870 130
871 129
872 128
873 127
874 126
875 125
876 124
877 123
878 122
879 121
880 120
881 119
882 118
883 117
884 116
885 115
886 114
887 113
888 112
889 111
890 110
891 109
892 108
893 107
894 106
895 105
896 104
897 103
898 102
899 101
900 100
901 99
902 98
903 97
904 96
905 95
906 94
907 93
908 92
909 91
910 90
911 89
912 88
913 87
914 86
915 85
916 84
917 83
918 82
919 81
920 80
921 79
922 78
923 77
924 76
925 75
926 74
927 73
928 72
929 71
930 70
931 69
932 68
933 67
934 66
935 65
936 64
937 63
938 62
939 61
940 60
941 59
942 58
943 57
944 56
945 55
946 54
947 53
948 52
949 51
950 50
951 49
952 48
953 47
954 46
955 45
956 44
957 43
958 42
959 41
960 40
961 39
962 38
963 37
964 36
965 35
966 34
967 33
968 32
969 31
970 30
971 29
972 28
973 27
974 26
975 25
976 24
977 23
978 22
979 21
980 20
981 19
982 18
983 17
984 16
985 15
986 14
987 13
988 12
989 11
990 10
991 9
992 8
993 7
994 6
995 5
996 4
997 3
998 2
999 1
1000 0
1001 1000
1002 1000
1003 1000
1004 1000
1005 1000
1006 1000
1007 1000
