15
203 127 186
58 57 175 57
85 14 191 14
13 29 87 29
150 7 152 7
141 43 152 43
136 36 177 36
65 3 150 3
40 36 115 36
33 19 104 19
110 58 158 58
84 17 94 17
20 22 194 22
115 3 141 3
148 27 183 27
146 50 177 50
94 6 113 6
108 59 111 59
93 82 138 82
155 81 165 81
118 0 182 0
2 5 142 5
124 1 134 1
12 55 122 55
29 101 52 101
102 78 105 78
73 77 170 77
78 11 186 11
19 25 98 25
10 44 178 44
44 69 180 69
90 50 129 50
58 75 65 75
49 52 185 52
45 75 95 75
4 58 110 58
5 19 68 19
52 40 148 40
140 3 176 3
92 50 173 50
37 8 71 8
93 27 169 27
26 63 171 63
47 62 61 62
10 9 17 9
118 2 121 2
55 8 87 8
21 16 43 16
19 99 131 99
60 16 71 16
72 16 81 16
80 68 127 68
5 32 60 32
126 59 147 59
52 110 159 110
14 2 77 2
58 57 109 57
65 45 168 45
17 120 32 120
139 4 195 4
19 55 30 55
88 50 156 50
75 42 134 42
145 4 177 4
83 17 161 17
46 89 148 89
59 50 136 50
163 13 179 13
29 19 126 19
21 107 72 107
114 53 115 53
120 18 137 18
35 28 129 28
108 65 131 65
14 47 63 47
145 102 157 102
84 48 175 48
54 28 177 28
17 52 91 52
6 11 72 11
51 20 142 20
61 30 107 30
22 18 88 18
126 107 131 107
69 91 186 91
44 50 169 50
95 66 123 66
35 50 85 50
21 38 61 38
44 62 179 62
125 3 169 3
141 1 154 1
124 67 195 67
134 12 192 12
1 63 48 63
36 77 184 77
134 6 138 6
33 5 102 5
76 8 161 8
101 94 138 94
58 31 130 31
39 72 94 72
43 40 89 40
152 1 196 1
21 60 146 60
114 67 172 67
22 1 176 1
2 24 110 24
71 52 178 52
77 19 121 19
138 20 151 20
16 12 134 12
171 93 202 93
173 3 179 3
118 107 183 107
47 69 120 69
79 52 119 52
91 70 161 70
49 6 77 6
14 50 191 50
89 36 111 36
2 26 131 26
12 5 36 5
58 48 68 48
12 37 97 37
56 29 106 29
90 56 184 56
45 48 67 48
92 61 179 61
104 19 170 19
146 8 169 8
57 48 64 48
99 24 147 24
169 41 179 41
12 38 97 38
83 76 200 76
59 52 159 52
135 34 173 34
43 25 164 25
13 34 61 34
28 16 185 16
163 63 195 63
10 51 62 51
81 72 200 72
8 61 110 61
61 30 123 30
169 41 171 41
200 99 201 99
55 31 122 31
95 12 181 12
63 97 139 97
118 10 162 10
75 21 108 21
117 4 197 4
88 37 158 37
26 26 36 26
92 44 100 44
37 6 113 6
21 63 36 63
12 8 44 8
82 21 171 21
90 63 175 63
6 76 108 76
77 24 129 24
63 65 148 65
167 31 202 31
160 51 167 51
81 25 118 25
177 56 193 56
123 29 189 29
74 64 162 64
129 63 192 63
16 22 168 22
121 51 151 51
81 55 147 55
17 17 38 17
100 51 159 51
40 42 173 42
70 38 77 38
95 44 152 44
130 117 154 117
75 11 128 11
7 24 143 24
131 93 168 93
21 24 130 24
41 2 139 2
108 1 159 1
410 285 841
11 22 162 22
276 13 366 13
49 25 102 25
23 158 365 158
234 174 292 174
21 8 378 8
169 118 272 118
365 153 405 153
86 65 207 65
11 205 56 205
94 175 306 175
110 37 140 37
165 29 258 29
8 223 357 223
11 23 387 23
87 11 192 11
157 150 392 150
129 210 203 210
230 181 344 181
277 70 365 70
33 39 99 39
222 158 392 158
102 101 204 101
288 76 347 76
59 92 374 92
4 89 207 89
270 89 371 89
16 71 33 71
227 179 275 179
52 16 324 16
42 46 172 46
2 227 34 227
253 31 367 31
167 40 195 40
198 99 260 99
334 158 400 158
355 6 362 6
162 129 362 129
239 22 388 22
44 87 127 87
253 81 272 81
63 239 147 239
154 125 198 125
47 163 209 163
172 165 231 165
264 24 311 24
131 5 227 5
5 27 348 27
161 186 311 186
230 34 249 34
210 196 290 196
75 70 256 70
81 48 253 48
354 144 355 144
126 61 339 61
1 7 34 7
59 102 99 102
279 26 314 26
254 71 344 71
318 100 376 100
121 38 329 38
148 112 388 112
36 123 239 123
270 226 357 226
145 26 300 26
179 29 308 29
257 78 322 78
100 33 125 33
159 61 316 61
247 57 294 57
135 41 405 41
93 10 318 10
73 138 224 138
189 71 370 71
275 89 390 89
241 21 386 21
104 31 276 31
207 14 323 14
18 166 191 166
159 1 173 1
96 110 115 110
77 252 389 252
296 14 349 14
2 96 44 96
140 170 331 170
64 228 395 228
282 12 374 12
127 75 194 75
168 9 267 9
291 56 323 56
76 88 108 88
3 178 302 178
54 24 359 24
87 76 115 76
191 7 203 7
20 197 281 197
155 28 224 28
188 22 280 22
42 58 339 58
26 2 269 2
324 26 380 26
36 49 111 49
18 142 230 142
212 32 325 32
28 12 143 12
221 128 248 128
111 56 258 56
199 92 264 92
228 15 300 15
168 106 211 106
233 216 267 216
95 224 407 224
162 127 326 127
339 78 342 78
64 95 238 95
18 140 200 140
100 46 247 46
130 18 362 18
226 19 409 19
173 61 334 61
255 7 256 7
62 103 372 103
236 103 332 103
164 15 360 15
146 218 363 218
10 221 286 221
74 54 107 54
330 193 341 193
120 90 359 90
78 18 379 18
51 168 353 168
125 208 355 208
220 123 372 123
245 109 393 109
311 114 355 114
42 84 387 84
23 39 285 39
202 99 319 99
158 58 365 58
61 63 356 63
6 6 107 6
51 211 161 211
296 21 383 21
198 113 374 113
10 4 217 4
184 36 204 36
244 180 267 180
39 93 204 93
39 58 103 58
258 226 370 226
12 134 46 134
57 108 360 108
229 0 290 0
187 50 288 50
0 128 65 128
89 2 218 2
175 273 178 273
171 121 220 121
74 86 100 86
164 119 398 119
11 105 28 105
53 72 347 72
226 114 391 114
358 81 394 81
186 54 201 54
270 54 280 54
135 23 373 23
132 82 286 82
70 191 234 191
90 20 110 20
246 80 354 80
165 76 393 76
24 34 380 34
118 231 230 231
148 1 224 1
111 88 149 88
144 167 325 167
307 30 325 30
349 4 377 4
62 159 165 159
75 56 121 56
87 53 284 53
46 78 93 78
218 107 261 107
184 145 341 145
212 113 387 113
259 89 372 89
306 1 320 1
260 50 356 50
292 133 330 133
175 252 223 252
128 41 206 41
303 152 398 152
84 118 355 118
179 77 226 77
118 184 141 184
76 61 297 61
340 154 349 154
136 71 190 71
195 76 384 76
327 63 388 63
52 42 150 42
91 13 130 13
317 64 323 64
225 151 360 151
15 226 264 226
55 6 119 6
29 63 335 63
256 219 371 219
81 20 345 20
133 133 318 133
40 57 407 57
23 127 381 127
249 131 294 131
196 66 229 66
1 190 53 190
131 17 237 17
161 44 240 44
345 56 388 56
200 55 376 55
35 55 379 55
2 231 207 231
244 59 389 59
221 40 316 40
220 77 241 77
251 120 289 120
202 95 208 95
164 82 201 82
28 191 174 191
75 40 409 40
211 239 230 239
91 88 371 88
155 273 195 273
230 41 367 41
302 5 333 5
31 25 268 25
287 175 382 175
123 130 276 130
362 102 399 102
119 145 197 145
352 66 396 66
106 125 393 125
205 21 383 21
32 36 120 36
129 47 364 47
199 54 389 54
260 98 312 98
43 151 269 151
203 54 289 54
152 221 163 221
195 138 343 138
55 47 366 47
237 69 339 69
152 15 242 15
246 35 319 35
27 20 387 20
131 33 280 33
134 73 401 73
0 138 121 138
7 128 43 128
55 229 187 229
107 44 169 44
196 242 216 242
52 73 299 73
46 170 202 170
61 67 249 67
20 67 384 67
140 10 230 10
40 157 352 157
87 108 165 108
86 1 120 1
177 21 179 21
327 39 405 39
40 11 170 11
130 274 209 274
127 134 269 134
238 170 319 170
220 64 326 64
28 129 51 129
20 42 40 42
206 18 347 18
113 35 263 35
4 210 41 210
196 63 339 63
77 155 352 155
36 90 327 90
64 177 150 177
63 57 322 57
89 57 191 57
109 118 392 118
39 263 195 263
265 192 386 192
51 184 377 184
241 64 374 64
134 113 177 113
155 39 211 39
202 189 393 189
96 74 210 74
209 15 374 15
124 27 243 27
30 30 388 30
25 5 385 5
203 120 245 120
299 24 361 24
340 169 351 169
176 77 378 77
139 99 365 99
358 155 373 155
86 98 398 98
148 54 218 54
176 90 305 90
106 153 283 153
71 163 88 163
221 89 355 89
350 26 408 26
364 118 378 118
119 40 225 40
319 72 371 72
266 156 397 156
3 21 143 21
117 1 354 1
87 155 388 155
46 28 108 28
132 8 219 8
1 44 358 44
48 95 183 95
127 31 264 31
48 47 208 47
231 113 296 113
258 119 406 119
35 64 194 64
39 22 47 22
16 59 318 59
364 98 372 98
216 53 275 53
227 153 315 153
346 106 369 106
67 177 156 177
1 186 265 186
48 15 363 15
171 177 348 177
325 73 387 73
103 130 363 130
212 20 229 20
214 112 347 112
136 51 145 51
197 57 287 57
214 63 300 63
132 207 207 207
112 220 315 220
245 145 307 145
21 8 262 8
110 49 254 49
140 142 293 142
4 12 241 12
177 115 372 115
99 239 197 239
207 189 376 189
14 73 216 73
276 53 278 53
114 103 269 103
226 42 326 42
184 43 191 43
145 23 338 23
244 122 251 122
31 241 154 241
13 65 85 65
6 12 30 12
46 88 339 88
215 153 379 153
109 166 298 166
152 113 378 113
41 78 66 78
16 218 146 218
160 106 322 106
83 175 183 175
44 31 270 31
94 99 169 99
18 68 76 68
222 1 317 1
72 110 199 110
53 73 248 73
42 206 407 206
84 15 341 15
143 90 213 90
283 89 294 89
177 231 184 231
66 54 301 54
257 20 310 20
116 218 359 218
219 193 311 193
115 82 197 82
313 101 358 101
165 87 182 87
35 39 104 39
87 63 351 63
100 138 242 138
136 32 187 32
25 3 332 3
125 25 153 25
334 133 403 133
103 86 229 86
57 23 328 23
198 77 242 77
272 64 405 64
108 125 171 125
50 28 152 28
306 4 340 4
85 134 307 134
52 250 338 250
330 95 396 95
244 78 391 78
77 55 112 55
158 170 218 170
3 193 73 193
242 159 339 159
129 94 270 94
46 19 208 19
296 56 298 56
221 90 259 90
76 28 238 28
196 51 246 51
256 33 327 33
100 148 230 148
275 5 290 5
5 7 204 7
176 122 371 122
73 13 222 13
41 44 397 44
35 43 149 43
31 49 382 49
327 74 365 74
267 74 296 74
177 62 199 62
156 14 325 14
24 118 404 118
139 4 221 4
59 179 305 179
29 26 63 26
140 105 237 105
20 268 268 268
62 33 178 33
187 43 189 43
83 59 167 59
279 233 400 233
107 199 349 199
83 130 327 130
36 48 191 48
58 163 89 163
280 159 340 159
243 50 362 50
261 130 335 130
385 140 390 140
301 20 302 20
255 36 298 36
89 73 280 73
50 17 395 17
39 58 326 58
30 210 103 210
163 9 237 9
66 92 136 92
6 94 294 94
177 80 179 80
231 76 390 76
39 84 75 84
16 51 72 51
151 98 153 98
52 53 398 53
158 99 192 99
77 94 218 94
59 128 309 128
100 71 257 71
324 27 377 27
53 110 168 110
145 160 232 160
185 229 262 229
49 10 403 10
175 111 329 111
118 60 257 60
112 90 405 90
373 32 395 32
4 24 67 24
225 69 285 69
173 18 383 18
150 2 239 2
155 56 291 56
247 70 391 70
85 50 125 50
207 23 225 23
107 107 363 107
183 108 335 108
117 133 379 133
36 194 332 194
111 106 357 106
56 6 189 6
31 4 213 4
41 165 403 165
22 269 325 269
50 180 234 180
258 66 325 66
118 69 397 69
147 76 323 76
132 12 349 12
6 185 403 185
101 6 186 6
33 58 202 58
64 77 76 77
12 54 109 54
343 103 361 103
36 14 289 14
334 48 378 48
383 180 388 180
263 135 367 135
207 37 260 37
214 19 312 19
46 1 306 1
16 62 324 62
221 238 273 238
24 43 219 43
68 127 161 127
19 161 281 161
73 45 366 45
196 57 301 57
89 17 336 17
158 61 346 61
44 85 46 85
69 126 119 126
55 116 216 116
7 43 248 43
108 25 299 25
139 21 401 21
130 4 334 4
169 107 280 107
55 155 287 155
185 165 364 165
169 50 181 50
1 98 344 98
9 9 143 9
18 179 102 179
218 26 331 26
112 8 310 8
7 130 345 130
25 116 139 116
64 109 342 109
178 134 374 134
104 103 393 103
190 122 271 122
116 126 205 126
172 26 400 26
297 1 374 1
227 218 349 218
187 116 361 116
150 14 260 14
321 10 378 10
218 105 332 105
271 108 323 108
122 201 267 201
36 186 189 186
226 128 299 128
156 176 261 176
257 13 384 13
253 57 401 57
59 169 218 169
60 91 224 91
342 138 357 138
129 40 154 40
373 54 385 54
227 33 275 33
137 69 141 69
162 38 303 38
336 4 338 4
53 3 91 3
111 117 318 117
24 69 33 69
213 16 263 16
144 40 380 40
108 181 272 181
240 15 366 15
324 1 408 1
38 111 283 111
46 196 253 196
59 2 394 2
299 14 380 14
306 116 320 116
8 14 52 14
54 75 210 75
261 109 261 109
327 8 387 8
43 37 96 37
51 7 277 7
22 95 387 95
190 44 337 44
74 37 129 37
85 214 313 214
155 168 300 168
157 96 242 96
315 86 390 86
3 72 383 72
22 94 357 94
49 213 249 213
200 227 223 227
293 37 363 37
227 129 244 129
346 88 403 88
4 182 249 182
28 175 279 175
266 26 339 26
96 31 105 31
49 115 85 115
152 20 175 20
53 211 119 211
88 31 389 31
72 64 246 64
72 93 326 93
172 24 184 24
91 33 201 33
171 101 218 101
186 172 344 172
11 169 360 169
160 103 390 103
93 141 194 141
176 24 271 24
194 183 219 183
53 7 331 7
33 131 263 131
235 72 350 72
117 62 368 62
53 212 169 212
101 117 105 117
219 164 273 164
17 85 343 85
34 103 43 103
262 25 350 25
39 57 275 57
244 185 348 185
139 22 261 22
234 85 371 85
216 15 293 15
74 102 175 102
18 229 217 229
160 156 279 156
252 82 319 82
12 172 389 172
230 138 367 138
155 25 365 25
99 145 408 145
269 3 295 3
148 6 385 6
167 143 273 143
204 145 336 145
215 50 336 50
213 96 304 96
25 29 91 29
367 50 409 50
199 24 349 24
22 137 157 137
140 95 398 95
266 24 268 24
79 66 120 66
107 145 277 145
256 137 394 137
118 14 330 14
198 38 295 38
146 21 380 21
52 128 99 128
47 44 154 44
185 31 392 31
121 174 294 174
228 158 359 158
222 38 400 38
369 12 407 12
196 181 282 181
44 75 256 75
245 25 262 25
236 154 321 154
95 30 330 30
75 38 325 38
89 22 311 22
196 12 233 12
203 100 281 100
32 202 340 202
97 186 127 186
235 15 317 15
217 38 377 38
183 155 389 155
155 206 204 206
356 91 384 91
86 157 401 157
384 123 398 123
61 40 118 40
98 231 276 231
199 98 207 98
133 149 256 149
58 31 328 31
157 74 392 74
151 207 191 207
72 67 231 67
137 44 265 44
263 72 272 72
250 63 254 63
37 147 316 147
101 125 103 125
131 17 156 17
2 87 3 87
116 185 271 185
120 218 340 218
6 62 38 62
239 14 265 14
385 73 401 73
162 201 385 201
358 81 393 81
30 211 257 211
223 81 349 81
302 63 319 63
73 262 163 262
234 183 237 183
142 12 291 12
224 25 321 25
223 54 365 54
180 109 195 109
145 111 354 111
348 215 405 215
1 150 212 150
95 8 255 8
55 86 355 86
184 136 238 136
356 22 379 22
175 98 306 98
81 87 251 87
317 39 387 39
120 105 234 105
45 16 147 16
171 36 219 36
135 159 162 159
51 117 300 117
213 152 401 152
189 47 303 47
91 57 363 57
20 21 122 21
64 21 268 21
57 131 73 131
236 210 355 210
237 143 295 143
154 155 314 155
267 9 302 9
198 165 261 165
247 194 407 194
285 81 346 81
138 26 155 26
219 91 256 91
204 49 349 49
314 166 352 166
0 144 194 144
19 53 239 53
206 128 285 128
17 21 389 21
86 24 233 24
151 18 277 18
18 65 62 65
134 211 308 211
165 34 215 34
252 94 317 94
73 117 198 117
174 10 351 10
220 0 392 0
69 178 194 178
140 72 319 72
118 26 140 26
180 16 198 16
221 175 280 175
154 160 407 160
227 111 275 111
23 56 62 56
25 12 49 12
178 5 268 5
31 28 354 28
174 117 337 117
154 81 401 81
0 50 161 50
164 49 192 49
361 171 409 171
371 38 390 38
189 202 247 202
30 186 44 186
254 211 320 211
122 97 375 97
239 120 268 120
183 25 240 25
197 74 306 74
127 38 209 38
211 149 302 149
132 155 158 155
135 96 228 96
225 144 230 144
50 119 67 119
93 10 140 10
9 137 328 137
43 55 209 55
12 75 271 75
240 70 269 70
32 163 383 163
67 3 254 3
36 21 353 21
125 18 131 18
14 123 363 123
90 137 406 137
176 102 272 102
123 45 262 45
25 150 72 150
12 131 278 131
42 79 178 79
36 32 44 32
109 65 212 65
162 179 405 179
374 23 374 23
55 19 374 19
181 185 249 185
217 86 363 86
33 116 364 116
18 107 42 107
79 148 125 148
173 42 258 42
42 9 391 9
231 5 397 5
179 63 333 63
219 198 264 198
165 5 404 5
247 17 378 17
290 72 360 72
24 170 86 170
18 12 196 12
89 37 165 37
69 18 177 18
156 48 162 48
167 0 222 0
127 14 240 14
290 17 379 17
126 181 177 181
383 181 395 181
75 24 155 24
90 8 322 8
780 445 681
113 104 488 104
86 32 711 32
82 342 474 342
348 89 620 89
44 129 609 129
521 186 695 186
194 137 266 137
497 135 576 135
277 107 344 107
610 23 642 23
473 72 761 72
183 388 667 388
6 209 502 209
355 44 641 44
497 100 610 100
25 52 727 52
276 366 389 366
219 241 331 241
4 269 590 269
31 59 545 59
429 241 718 241
308 25 660 25
63 19 217 19
356 245 434 245
593 69 758 69
185 56 205 56
121 230 628 230
237 122 405 122
61 389 213 389
88 282 267 282
291 139 328 139
212 185 436 185
371 76 486 76
25 163 605 163
11 188 336 188
620 91 750 91
214 134 400 134
19 54 223 54
73 96 89 96
254 2 363 2
376 6 503 6
146 213 403 213
19 129 404 129
445 301 672 301
170 282 577 282
52 5 281 5
315 107 535 107
481 263 494 263
477 273 633 273
35 221 739 221
525 58 567 58
466 7 479 7
495 139 584 139
284 116 433 116
56 347 445 347
518 223 614 223
371 180 645 180
478 27 679 27
360 162 565 162
468 168 659 168
182 218 475 218
122 329 292 329
748 136 758 136
470 130 730 130
235 17 776 17
64 310 524 310
446 302 722 302
215 139 338 139
532 408 608 408
161 221 266 221
359 139 390 139
416 316 709 316
344 194 375 194
172 71 329 71
426 222 577 222
154 29 688 29
486 297 669 297
585 166 703 166
149 36 740 36
338 247 464 247
181 50 702 50
56 135 399 135
518 175 586 175
27 241 682 241
494 370 526 370
229 67 272 67
572 71 603 71
60 149 78 149
515 160 589 160
242 201 602 201
51 85 646 85
269 293 396 293
219 143 279 143
272 357 315 357
4 13 718 13
44 365 86 365
370 303 505 303
479 13 479 13
100 61 465 61
97 214 112 214
352 268 644 268
306 166 679 166
190 89 509 89
114 112 740 112
161 158 691 158
136 11 687 11
327 124 737 124
332 112 478 112
419 349 484 349
30 272 120 272
61 33 289 33
227 61 540 61
195 18 774 18
62 336 348 336
238 86 612 86
511 126 715 126
546 170 758 170
25 191 748 191
79 154 729 154
307 269 440 269
33 11 477 11
308 92 639 92
227 211 336 211
252 200 562 200
108 238 201 238
502 140 648 140
284 151 779 151
33 86 57 86
33 75 617 75
324 181 563 181
152 0 760 0
463 307 748 307
7 61 549 61
348 153 634 153
467 140 601 140
438 17 530 17
285 3 384 3
363 80 760 80
192 390 702 390
194 105 491 105
283 217 730 217
147 105 148 105
207 28 517 28
499 314 506 314
81 211 614 211
149 81 673 81
457 305 614 305
73 176 613 176
126 16 202 16
186 18 193 18
69 98 114 98
131 249 617 249
17 99 685 99
393 325 650 325
594 221 648 221
426 138 469 138
71 313 435 313
431 77 613 77
396 169 432 169
168 90 484 90
465 33 652 33
156 165 673 165
377 267 623 267
375 80 770 80
406 261 530 261
58 13 63 13
426 154 731 154
411 187 631 187
268 109 680 109
551 371 732 371
521 388 664 388
18 356 140 356
459 15 657 15
202 372 346 372
297 173 458 173
337 158 460 158
161 62 245 62
283 227 511 227
240 229 315 229
565 39 745 39
550 87 767 87
429 27 760 27
87 160 619 160
400 261 525 261
534 256 654 256
509 5 672 5
407 168 728 168
629 8 751 8
87 187 382 187
207 100 551 100
22 210 673 210
30 177 95 177
98 158 454 158
298 42 345 42
448 29 550 29
299 60 684 60
761 171 775 171
134 99 649 99
121 172 579 172
704 360 709 360
138 60 469 60
506 259 521 259
337 251 565 251
215 272 563 272
168 189 528 189
157 81 683 81
204 174 239 174
56 111 251 111
293 47 720 47
323 346 365 346
70 198 717 198
142 45 165 45
55 212 759 212
159 100 357 100
185 13 434 13
179 155 312 155
369 84 571 84
251 171 545 171
80 160 698 160
379 175 682 175
243 17 367 17
126 351 440 351
17 65 738 65
337 129 454 129
353 122 362 122
145 216 274 216
343 194 483 194
313 203 776 203
584 152 727 152
104 265 298 265
261 149 362 149
71 15 497 15
121 219 705 219
79 192 298 192
75 111 389 111
183 192 631 192
58 249 474 249
441 323 704 323
97 291 722 291
338 43 773 43
262 132 770 132
470 20 776 20
21 33 489 33
179 125 324 125
390 14 403 14
87 150 417 150
372 181 556 181
212 11 284 11
36 64 445 64
553 226 562 226
162 172 329 172
26 171 87 171
365 254 779 254
24 283 536 283
353 7 366 7
132 266 438 266
17 80 763 80
128 3 725 3
322 85 671 85
74 71 91 71
234 59 503 59
259 229 653 229
536 406 582 406
369 156 740 156
58 54 709 54
224 28 634 28
387 241 558 241
279 391 330 391
184 101 722 101
644 20 695 20
33 241 303 241
340 221 661 221
78 3 667 3
291 139 650 139
570 155 591 155
45 202 334 202
93 191 475 191
402 210 545 210
73 208 331 208
60 73 684 73
313 259 417 259
186 43 289 43
417 29 749 29
121 161 714 161
116 58 493 58
331 371 618 371
585 64 692 64
230 141 634 141
25 258 679 258
644 33 712 33
160 78 778 78
248 141 439 141
308 172 729 172
600 207 608 207
8 255 228 255
519 7 631 7
122 265 500 265
591 112 665 112
205 65 590 65
292 57 526 57
134 308 671 308
204 349 747 349
196 156 772 156
147 22 149 22
3 163 577 163
232 263 299 263
241 102 423 102
388 93 752 93
97 149 98 149
228 60 259 60
132 56 731 56
374 231 425 231
432 5 618 5
316 1 386 1
450 312 652 312
157 0 252 0
396 70 654 70
192 275 195 275
202 141 477 141
619 50 770 50
423 132 490 132
27 47 443 47
596 131 771 131
291 128 448 128
275 127 298 127
562 176 663 176
384 101 432 101
356 266 727 266
415 154 483 154
12 138 406 138
207 135 292 135
24 221 70 221
362 14 511 14
652 244 734 244
457 84 627 84
447 119 727 119
397 137 713 137
193 71 563 71
148 92 156 92
224 79 402 79
0 105 459 105
221 11 495 11
16 302 48 302
448 77 578 77
10 238 594 238
348 139 476 139
196 275 429 275
326 205 586 205
422 46 480 46
70 383 514 383
182 203 613 203
105 120 238 120
324 310 350 310
40 167 167 167
260 51 578 51
204 144 469 144
322 162 614 162
510 76 636 76
542 149 624 149
75 221 371 221
310 206 384 206
163 75 458 75
361 73 367 73
124 6 749 6
412 70 710 70
179 2 676 2
347 113 527 113
332 129 712 129
84 121 693 121
87 334 243 334
254 201 542 201
204 150 262 150
34 389 422 389
446 109 711 109
184 98 679 98
572 280 746 280
176 15 305 15
337 192 461 192
245 337 510 337
273 200 682 200
69 16 516 16
393 219 582 219
397 108 470 108
620 180 627 180
30 285 31 285
212 171 566 171
172 67 538 67
143 156 657 156
210 4 335 4
71 202 769 202
23 208 647 208
262 109 493 109
661 202 764 202
478 133 657 133
10 45 776 45
11 66 487 66
671 39 697 39
375 136 703 136
157 35 164 35
6 32 146 32
206 77 584 77
70 206 383 206
492 145 664 145
262 96 768 96
639 73 765 73
351 341 464 341
123 43 377 43
19 235 142 235
28 155 271 155
293 225 776 225
427 107 662 107
42 145 729 145
65 10 495 10
123 52 660 52
446 142 512 142
32 241 387 241
91 136 746 136
344 91 494 91
116 83 134 83
301 16 671 16
584 323 768 323
325 98 594 98
101 23 201 23
238 89 725 89
38 140 398 140
330 93 354 93
126 147 420 147
244 376 538 376
258 291 314 291
374 118 382 118
143 266 192 266
425 168 525 168
504 89 590 89
128 202 390 202
378 283 426 283
416 192 738 192
3 69 583 69
540 7 618 7
697 167 723 167
127 68 678 68
429 97 483 97
525 256 611 256
594 98 618 98
314 36 697 36
20 6 46 6
299 116 493 116
411 295 431 295
5 61 648 61
689 89 707 89
217 147 430 147
457 275 668 275
191 134 267 134
295 21 670 21
427 35 695 35
480 128 563 128
279 45 399 45
11 51 367 51
133 212 737 212
29 130 47 130
56 20 328 20
91 161 562 161
77 371 346 371
159 77 305 77
263 131 371 131
122 11 503 11
576 333 627 333
318 275 697 275
343 138 477 138
207 200 575 200
207 272 555 272
301 49 549 49
528 92 711 92
474 164 750 164
35 57 217 57
472 126 638 126
123 47 124 47
33 221 756 221
315 111 350 111
273 4 355 4
131 4 370 4
314 19 510 19
206 299 643 299
272 46 410 46
115 113 737 113
4 268 59 268
337 149 734 149
346 67 540 67
195 30 431 30
66 169 451 169
81 91 133 91
42 96 394 96
401 296 493 296
456 98 670 98
450 142 631 142
419 112 724 112
212 250 281 250
215 89 294 89
637 152 663 152
472 137 530 137
481 206 550 206
112 38 428 38
221 31 740 31
23 178 644 178
474 35 750 35
2 207 131 207
35 63 384 63
6 364 539 364
407 9 589 9
133 29 475 29
83 389 173 389
87 92 637 92
155 127 344 127
567 305 744 305
168 29 207 29
147 81 259 81
278 295 702 295
24 50 166 50
121 157 282 157
24 273 85 273
142 250 458 250
514 29 587 29
403 70 504 70
347 98 473 98
297 25 468 25
197 16 547 16
471 183 721 183
390 60 413 60
205 9 234 9
357 213 550 213
260 66 267 66
17 262 455 262
394 110 621 110
261 263 379 263
242 130 573 130
40 71 124 71
304 328 654 328
386 242 723 242
42 83 443 83
346 264 392 264
384 130 749 130
40 140 577 140
305 22 669 22
208 151 440 151
117 320 497 320
143 5 251 5
120 65 622 65
119 42 427 42
390 133 539 133
8 293 191 293
120 5 586 5
396 174 435 174
357 66 749 66
7 80 742 80
389 209 557 209
108 287 639 287
424 292 469 292
120 73 727 73
74 249 500 249
26 74 465 74
527 373 755 373
265 42 755 42
609 433 662 433
255 259 515 259
328 102 348 102
215 67 336 67
139 0 664 0
131 67 577 67
37 47 361 47
413 112 416 112
373 218 432 218
444 349 706 349
72 84 530 84
224 197 563 197
425 114 713 114
101 198 646 198
22 33 723 33
267 13 598 13
556 139 691 139
609 363 739 363
111 281 184 281
68 269 443 269
158 81 588 81
269 38 313 38
298 161 356 161
51 12 729 12
414 72 732 72
61 124 277 124
252 109 664 109
172 120 318 120
164 249 589 249
198 133 477 133
241 98 485 98
440 17 548 17
371 154 556 154
349 1 697 1
259 306 406 306
388 24 762 24
467 105 773 105
382 62 394 62
395 95 699 95
218 235 367 235
135 76 624 76
215 69 444 69
177 133 228 133
82 37 181 37
398 302 406 302
290 102 521 102
491 80 593 80
671 7 689 7
21 358 421 358
400 28 534 28
235 26 473 26
267 349 716 349
136 148 220 148
298 96 728 96
273 48 741 48
188 282 424 282
439 212 439 212
297 0 509 0
47 291 388 291
25 323 191 323
166 124 332 124
218 144 244 144
425 141 693 141
574 81 582 81
36 132 130 132
289 82 307 82
83 10 253 10
184 21 426 21
148 116 429 116
26 112 668 112
418 254 554 254
61 28 265 28
342 37 695 37
387 119 749 119
663 204 754 204
70 74 84 74
136 10 455 10
344 297 668 297
485 19 591 19
238 297 543 297
499 282 622 282
357 105 487 105
264 89 604 89
310 22 705 22
73 98 538 98
95 128 608 128
148 59 423 59
164 16 412 16
686 101 760 101
344 172 468 172
35 365 710 365
597 78 749 78
329 149 546 149
187 253 528 253
203 77 577 77
236 317 620 317
278 96 491 96
160 8 537 8
202 32 655 32
48 24 277 24
430 183 738 183
407 27 778 27
319 171 690 171
560 25 570 25
200 140 223 140
345 234 559 234
126 2 401 2
590 33 595 33
296 215 778 215
0 266 734 266
49 175 69 175
313 84 774 84
559 149 663 149
23 40 516 40
195 260 519 260
561 139 622 139
653 271 779 271
227 107 617 107
308 83 409 83
639 95 774 95
558 451 62
171 102 378 102
0 123 512 123
334 2 412 2
294 56 490 56
201 263 350 263
26 202 395 202
303 29 457 29
201 31 319 31
213 158 257 158
197 68 539 68
0 231 362 231
211 185 309 185
121 255 296 255
304 327 364 327
273 36 378 36
171 72 210 72
117 13 389 13
34 146 77 146
326 123 410 123
175 352 472 352
178 25 437 25
242 140 340 140
88 69 230 69
79 91 346 91
81 112 495 112
150 208 557 208
453 108 468 108
360 98 550 98
29 104 149 104
421 34 424 34
450 1 532 1
208 12 438 12
223 98 405 98
68 23 389 23
350 104 467 104
68 348 357 348
196 155 389 155
47 19 344 19
11 14 466 14
80 20 509 20
163 327 519 327
276 18 347 18
6 265 156 265
188 81 216 81
296 252 436 252
420 111 445 111
115 143 400 143
116 27 221 27
273 59 420 59
208 141 464 141
16 324 55 324
283 388 316 388
29 46 85 46
134 255 368 255
275 103 452 103
112 266 550 266
60 14 294 14
157 123 374 123
24 80 140 80
376 100 468 100
319 181 509 181
60 75 499 75
824 705 674
143 35 461 35
613 102 640 102
370 19 408 19
274 68 623 68
462 562 510 562
403 56 613 56
230 135 369 135
253 126 440 126
134 8 433 8
573 335 781 335
273 198 743 198
47 468 305 468
78 290 192 290
292 131 311 131
382 519 627 519
115 50 553 50
19 207 101 207
425 55 646 55
367 144 398 144
564 271 811 271
155 192 272 192
47 8 777 8
185 453 374 453
77 266 771 266
146 174 780 174
343 542 730 542
54 415 358 415
106 507 167 507
70 303 630 303
748 308 792 308
135 410 457 410
48 295 170 295
214 111 671 111
98 644 496 644
52 313 631 313
266 431 595 431
215 227 297 227
681 189 749 189
183 503 648 503
309 11 457 11
98 453 710 453
148 171 689 171
260 45 569 45
305 258 733 258
124 10 303 10
84 27 151 27
212 83 515 83
296 501 493 501
221 218 605 218
395 107 436 107
727 143 749 143
430 398 666 398
418 404 448 404
18 28 111 28
110 265 815 265
629 139 752 139
276 235 291 235
557 169 773 169
110 29 573 29
351 187 668 187
373 302 521 302
475 505 575 505
231 103 739 103
166 6 349 6
564 313 751 313
553 201 819 201
121 22 224 22
268 189 788 189
159 60 334 60
250 60 635 60
491 244 680 244
703 58 722 58
46 209 564 209
48 560 309 560
4 301 344 301
10 208 64 208
522 376 565 376
37 142 761 142
142 27 301 27
505 273 531 273
24 5 786 5
414 374 764 374
283 476 754 476
648 11 649 11
245 70 727 70
414 358 650 358
267 530 619 530
160 226 758 226
291 23 546 23
172 38 543 38
215 423 529 423
295 92 427 92
330 66 785 66
311 299 541 299
161 68 323 68
215 301 636 301
444 8 535 8
327 106 386 106
289 122 688 122
388 237 739 237
263 240 333 240
369 4 441 4
629 153 818 153
27 111 598 111
304 252 567 252
604 185 770 185
664 46 668 46
168 461 618 461
222 519 437 519
218 360 427 360
451 194 729 194
12 461 293 461
183 167 205 167
39 617 555 617
35 196 272 196
75 123 243 123
174 326 666 326
272 439 704 439
50 0 542 0
419 99 597 99
86 114 743 114
685 24 815 24
663 288 706 288
77 18 240 18
142 352 196 352
69 136 254 136
395 585 502 585
125 497 566 497
329 570 509 570
388 121 475 121
113 338 747 338
349 588 436 588
190 133 293 133
90 109 249 109
456 362 813 362
298 253 458 253
164 613 198 613
122 146 640 146
197 0 387 0
66 428 604 428
35 99 436 99
105 56 740 56
178 369 334 369
248 120 476 120
337 85 820 85
394 463 801 463
317 272 364 272
218 318 440 318
248 57 368 57
4 511 145 511
187 364 608 364
128 0 176 0
88 450 331 450
266 213 469 213
100 131 775 131
231 93 347 93
368 337 472 337
32 121 682 121
147 250 486 250
59 143 443 143
348 287 644 287
29 69 283 69
139 513 684 513
19 268 190 268
146 618 748 618
117 8 119 8
482 384 607 384
29 348 542 348
91 404 721 404
365 415 571 415
679 124 770 124
50 296 408 296
673 119 693 119
328 78 630 78
235 277 386 277
491 286 821 286
70 115 697 115
91 226 354 226
155 389 438 389
443 193 644 193
394 16 541 16
261 63 441 63
244 445 489 445
370 213 459 213
585 434 816 434
416 62 524 62
101 296 462 296
12 22 524 22
32 457 445 457
418 279 509 279
517 246 642 246
92 121 279 121
156 510 669 510
208 184 264 184
251 23 560 23
86 197 86 197
61 41 734 41
388 287 592 287
46 152 602 152
435 232 530 232
689 56 695 56
83 52 357 52
325 291 496 291
707 267 762 267
253 41 530 41
87 227 624 227
64 401 787 401
458 534 820 534
4 315 17 315
29 121 816 121
76 141 286 141
374 4 617 4
419 415 656 415
648 501 727 501
106 146 508 146
70 128 754 128
366 37 454 37
62 114 69 114
54 543 145 543
117 191 613 191
24 562 404 562
364 29 760 29
57 353 643 353
164 16 785 16
16 290 105 290
115 554 271 554
165 323 206 323
8 106 395 106
468 524 780 524
87 331 249 331
765 263 808 263
287 117 659 117
368 340 750 340
601 39 643 39
328 74 665 74
264 293 389 293
357 340 474 340
152 300 521 300
507 212 717 212
625 400 797 400
373 31 613 31
418 228 764 228
258 34 535 34
213 568 289 568
628 421 785 421
133 189 541 189
552 400 567 400
34 382 639 382
147 94 427 94
248 623 472 623
369 36 676 36
159 204 244 204
639 34 785 34
295 191 581 191
161 64 590 64
444 570 734 570
270 285 679 285
455 397 649 397
101 118 805 118
70 161 265 161
471 283 673 283
399 39 752 39
497 360 796 360
5 144 803 144
597 133 788 133
144 324 599 324
24 230 569 230
19 419 391 419
414 367 668 367
294 375 732 375
586 295 626 295
126 72 451 72
462 96 560 96
545 412 677 412
45 169 404 169
84 448 341 448
724 104 823 104
95 581 120 581
56 243 733 243
135 384 367 384
50 421 139 421
301 220 415 220
505 479 535 479
278 319 345 319
486 358 695 358
611 545 687 545
137 272 164 272
86 369 467 369
242 263 638 263
333 216 772 216
37 29 576 29
235 237 644 237
348 143 522 143
544 18 695 18
169 131 737 131
174 49 594 49
289 474 432 474
80 88 132 88
159 482 678 482
294 8 622 8
385 330 764 330
315 142 381 142
217 348 724 348
22 366 139 366
4 61 442 61
268 267 737 267
620 221 786 221
75 228 114 228
146 408 388 408
147 65 326 65
341 229 686 229
770 199 784 199
140 373 518 373
84 61 519 61
165 32 346 32
766 290 771 290
59 608 646 608
224 59 651 59
402 43 766 43
298 322 650 322
738 23 776 23
99 267 169 267
350 79 584 79
113 50 241 50
262 150 597 150
74 83 180 83
351 212 594 212
146 172 412 172
304 39 610 39
364 145 708 145
471 418 620 418
642 179 797 179
175 350 534 350
171 183 232 183
9 12 586 12
47 356 449 356
355 95 764 95
218 594 613 594
61 253 332 253
484 30 663 30
18 49 604 49
365 39 409 39
442 10 512 10
12 369 820 369
1 367 695 367
91 578 625 578
144 250 324 250
186 246 431 246
217 268 391 268
308 237 406 237
347 331 426 331
336 173 694 173
400 637 526 637
337 164 767 164
378 206 717 206
471 139 572 139
100 256 382 256
111 4 657 4
249 244 427 244
422 527 723 527
186 101 540 101
220 325 351 325
78 210 792 210
46 143 344 143
335 120 437 120
167 249 224 249
468 104 575 104
630 527 706 527
338 320 556 320
203 88 555 88
106 130 178 130
148 157 621 157
575 283 742 283
341 596 374 596
393 582 401 582
339 524 632 524
583 76 738 76
208 231 356 231
224 9 675 9
518 44 625 44
194 88 228 88
560 491 686 491
79 205 768 205
13 41 176 41
291 96 437 96
286 274 329 274
220 343 640 343
572 551 644 551
173 237 517 237
338 91 690 91
423 373 565 373
403 103 776 103
285 473 499 473
12 68 270 68
461 27 512 27
242 461 294 461
369 182 542 182
86 376 228 376
303 434 514 434
177 128 750 128
294 141 331 141
426 485 728 485
186 95 414 95
254 414 555 414
466 155 631 155
370 170 727 170
566 451 812 451
522 181 668 181
239 396 525 396
92 269 674 269
116 621 367 621
209 12 569 12
412 486 453 486
58 455 444 455
603 452 637 452
371 42 725 42
268 342 555 342
248 471 793 471
103 91 318 91
49 187 754 187
203 489 341 489
74 566 295 566
587 332 633 332
569 159 631 159
44 0 784 0
54 64 746 64
516 68 736 68
5 9 77 9
71 169 144 169
432 78 787 78
157 207 738 207
79 437 370 437
0 143 300 143
24 218 203 218
120 215 595 215
86 387 509 387
163 231 766 231
279 650 330 650
48 406 610 406
134 51 769 51
683 288 732 288
32 60 789 60
658 93 714 93
444 52 572 52
342 456 640 456
497 530 571 530
87 333 133 333
64 262 354 262
98 363 656 363
515 52 746 52
366 48 733 48
201 148 221 148
172 235 603 235
0 288 599 288
146 463 252 463
323 234 516 234
185 109 328 109
159 488 408 488
119 285 351 285
14 240 650 240
472 44 502 44
646 174 782 174
612 182 646 182
430 68 692 68
606 114 817 114
200 366 507 366
327 256 341 256
163 341 567 341
206 215 716 215
172 132 742 132
220 419 697 419
192 189 749 189
80 133 659 133
195 178 627 178
79 24 822 24
352 44 405 44
371 168 541 168
52 109 281 109
461 310 531 310
525 240 760 240
517 97 670 97
369 168 450 168
226 5 569 5
353 310 785 310
431 673 488 673
422 185 622 185
83 122 686 122
69 84 654 84
515 258 601 258
190 140 554 140
211 240 280 240
391 413 450 413
505 446 695 446
318 91 602 91
460 102 463 102
460 130 767 130
7 489 816 489
641 98 654 98
22 506 378 506
627 97 646 97
375 294 670 294
400 64 703 64
129 312 611 312
238 624 435 624
482 14 622 14
144 608 150 608
293 74 395 74
507 76 585 76
359 25 635 25
96 123 682 123
578 447 815 447
277 49 632 49
45 61 462 61
288 479 433 479
117 381 751 381
100 14 431 14
61 95 349 95
672 273 698 273
484 29 821 29
236 147 306 147
345 277 596 277
511 211 533 211
481 34 541 34
568 357 823 357
147 94 649 94
412 392 624 392
646 307 699 307
165 394 262 394
25 24 380 24
183 148 545 148
481 95 816 95
0 132 261 132
389 117 540 117
12 22 145 22
83 27 108 27
169 266 458 266
121 522 643 522
335 353 792 353
477 222 560 222
472 522 735 522
446 308 749 308
98 255 386 255
470 21 567 21
376 512 551 512
146 49 630 49
124 320 546 320
133 345 255 345
9 71 751 71
74 399 441 399
437 316 786 316
106 96 188 96
286 210 481 210
629 42 781 42
138 63 665 63
433 449 619 449
599 285 735 285
171 58 455 58
692 345 787 345
161 156 555 156
56 6 444 6
148 275 218 275
4 307 557 307
527 72 790 72
36 2 456 2
6 336 424 336
112 96 512 96
96 247 389 247
691 292 728 292
474 229 597 229
50 272 105 272
623 497 709 497
170 47 719 47
343 206 382 206
103 74 378 74
541 466 704 466
269 149 666 149
534 152 810 152
397 643 641 643
637 233 763 233
600 431 735 431
396 99 617 99
151 455 820 455
248 414 464 414
162 325 785 325
45 326 65 326
78 180 334 180
716 31 755 31
136 227 602 227
292 579 612 579
10 104 90 104
474 12 508 12
117 141 817 141
89 48 457 48
65 80 161 80
218 179 270 179
154 269 392 269
154 281 745 281
446 63 620 63
516 513 623 513
208 321 262 321
808 27 816 27
93 83 815 83
206 92 240 92
769 443 810 443
106 87 425 87
606 283 622 283
178 218 253 218
107 160 267 160
196 183 476 183
5 346 677 346
248 14 693 14
35 141 306 141
491 228 748 228
116 101 751 101
328 168 436 168
683 286 697 286
22 144 816 144
313 484 385 484
378 298 581 298
362 293 705 293
293 408 752 408
351 127 767 127
139 158 468 158
58 72 298 72
93 73 148 73
380 350 609 350
23 38 199 38
200 13 794 13
142 119 320 119
73 18 415 18
9 209 566 209
250 485 312 485
38 420 639 420
531 10 587 10
508 244 556 244
5 162 123 162
12 2 784 2
96 547 604 547
286 218 578 218
413 192 488 192
260 487 568 487
122 477 221 477
242 404 421 404
222 6 239 6
360 264 703 264
273 208 527 208
80 357 703 357
388 483 762 483
55 177 503 177
519 206 654 206
46 457 223 457
583 236 720 236
133 493 299 493
181 355 614 355
324 87 405 87
468 11 493 11
150 117 812 117
53 228 433 228
232 374 318 374
33 308 542 308
30 25 180 25
60 293 123 293
313 183 461 183
88 316 685 316
138 135 219 135
12 113 790 113
20 140 622 140
219 28 585 28
43 359 398 359
368 43 451 43
544 131 735 131
670 192 786 192
281 373 687 373
378 285 460 285
793 811 277
270 55 476 55
312 141 779 141
461 111 705 111
81 320 315 320
60 92 708 92
768 43 774 43
185 338 647 338
318 134 547 134
347 51 477 51
163 273 764 273
208 145 616 145
137 38 165 38
32 98 786 98
38 125 125 125
456 351 517 351
442 369 688 369
579 94 630 94
124 175 243 175
29 711 648 711
188 553 422 553
46 248 159 248
469 208 775 208
344 276 597 276
543 21 737 21
121 50 193 50
197 337 475 337
100 258 701 258
47 197 473 197
181 20 789 20
126 344 599 344
423 204 663 204
5 39 147 39
101 67 518 67
288 663 636 663
234 8 771 8
121 416 530 416
203 145 549 145
467 430 608 430
164 462 757 462
582 263 608 263
170 648 495 648
233 236 753 236
190 702 240 702
113 616 458 616
547 579 666 579
674 106 684 106
359 577 601 577
337 255 618 255
12 662 460 662
33 166 117 166
152 636 172 636
158 375 722 375
147 19 480 19
275 1 410 1
505 13 689 13
128 695 514 695
90 147 491 147
348 189 504 189
172 341 176 341
321 28 704 28
242 424 375 424
101 203 604 203
515 171 762 171
368 232 690 232
586 187 767 187
206 207 365 207
490 81 647 81
76 44 187 44
49 551 464 551
554 299 566 299
179 606 627 606
218 265 527 265
122 175 192 175
157 251 714 251
188 549 305 549
22 399 705 399
146 671 260 671
438 387 617 387
324 500 555 500
6 203 564 203
460 319 789 319
167 502 524 502
0 3 423 3
511 551 735 551
0 318 299 318
16 240 131 240
401 526 713 526
56 390 671 390
29 531 140 531
106 210 707 210
134 378 556 378
588 80 673 80
305 112 628 112
194 138 236 138
86 547 332 547
86 5 772 5
662 438 789 438
87 173 316 173
248 518 581 518
79 387 312 387
176 498 562 498
263 542 571 542
14 365 563 365
11 116 665 116
220 327 652 327
572 223 619 223
157 535 173 535
169 225 787 225
297 318 586 318
367 233 699 233
220 184 233 184
128 462 484 462
451 86 753 86
559 366 732 366
364 555 688 555
60 685 398 685
464 593 476 593
60 568 222 568
422 45 700 45
26 567 372 567
26 514 72 514
79 169 758 169
544 51 562 51
71 188 189 188
257 574 462 574
347 15 576 15
320 330 600 330
294 65 514 65
34 648 288 648
430 175 654 175
22 224 370 224
86 158 219 158
185 176 573 176
175 284 664 284
386 282 653 282
52 115 209 115
87 124 170 124
10 10 76 10
310 272 356 272
30 359 466 359
186 110 743 110
295 198 378 198
66 384 653 384
207 232 529 232
511 243 571 243
245 49 748 49
113 76 386 76
362 237 665 237
310 210 440 210
117 625 662 625
99 262 305 262
540 309 597 309
16 39 232 39
72 54 782 54
249 127 458 127
156 468 522 468
366 13 730 13
543 308 672 308
332 1 480 1
513 416 698 416
186 340 488 340
143 712 584 712
140 157 721 157
489 203 653 203
104 123 715 123
236 647 498 647
704 3 782 3
415 148 613 148
381 209 590 209
269 96 337 96
424 421 647 421
513 37 778 37
738 142 774 142
240 537 785 537
126 454 629 454
334 167 364 167
450 395 748 395
423 453 547 453
462 83 474 83
548 481 626 481
32 79 620 79
145 145 297 145
238 294 727 294
192 358 374 358
557 159 768 159
637 255 700 255
470 9 779 9
118 246 554 246
238 488 452 488
182 56 368 56
384 473 389 473
298 89 419 89
125 181 433 181
255 268 598 268
235 584 404 584
328 63 551 63
160 126 509 126
18 346 169 346
345 5 520 5
198 257 368 257
91 47 118 47
278 195 528 195
310 339 513 339
78 95 619 95
279 310 489 310
208 95 518 95
46 548 124 548
165 27 757 27
118 319 403 319
211 136 789 136
406 104 779 104
283 167 376 167
313 153 596 153
396 70 491 70
149 714 463 714
65 360 487 360
39 185 600 185
747 93 785 93
93 143 344 143
549 439 589 439
358 283 676 283
634 396 676 396
721 373 736 373
180 483 347 483
177 165 531 165
130 203 259 203
75 19 535 19
186 152 602 152
228 535 444 535
348 392 594 392
144 60 275 60
176 14 650 14
438 148 679 148
169 101 750 101
1 483 80 483
36 6 775 6
335 565 768 565
170 20 322 20
167 74 315 74
111 371 407 371
65 119 142 119
483 160 627 160
441 620 598 620
38 384 324 384
269 257 634 257
77 85 632 85
92 245 95 245
37 319 204 319
340 18 558 18
230 62 453 62
104 125 598 125
221 298 304 298
313 626 728 626
141 146 407 146
163 406 445 406
213 259 303 259
208 486 373 486
130 3 676 3
326 70 485 70
149 130 664 130
249 193 616 193
619 233 628 233
191 164 733 164
133 194 140 194
218 95 347 95
320 155 713 155
16 172 585 172
5 62 267 62
629 211 648 211
321 260 446 260
418 594 767 594
342 203 464 203
131 425 269 425
239 368 607 368
302 46 490 46
568 101 788 101
55 482 289 482
590 454 958
228 77 436 77
319 141 340 141
41 82 589 82
251 339 374 339
90 284 111 284
145 103 463 103
77 268 107 268
77 69 131 69
176 24 406 24
331 340 415 340
441 149 540 149
38 10 335 10
26 40 399 40
38 238 414 238
342 242 397 242
367 76 487 76
441 145 520 145
245 106 366 106
376 360 443 360
100 22 173 22
142 35 376 35
299 237 569 237
179 153 346 153
37 181 429 181
472 245 517 245
323 165 511 165
475 81 566 81
253 230 500 230
113 120 476 120
362 185 585 185
364 295 486 295
28 79 145 79
259 286 370 286
346 336 399 336
310 347 525 347
217 6 394 6
274 84 472 84
17 308 268 308
99 141 342 141
204 275 238 275
48 23 144 23
233 157 398 157
131 319 461 319
134 196 211 196
383 226 546 226
288 309 511 309
168 135 313 135
112 79 283 79
311 69 478 69
156 96 182 96
169 243 367 243
50 258 441 258
276 351 398 351
243 109 259 109
49 43 115 43
262 239 331 239
283 312 540 312
181 93 516 93
50 223 114 223
130 138 422 138
7 428 401 428
428 7 460 7
30 39 473 39
235 137 325 137
372 412 381 412
167 322 515 322
0 119 57 119
248 198 568 198
12 112 184 112
219 44 251 44
175 275 514 275
492 93 524 93
361 53 583 53
138 13 277 13
54 316 463 316
81 214 336 214
15 91 319 91
80 129 565 129
270 361 296 361
5 41 320 41
7 290 174 290
80 38 440 38
60 239 517 239
451 50 572 50
223 145 266 145
342 108 372 108
256 84 399 84
75 219 471 219
283 93 547 93
113 225 472 225
160 29 462 29
171 99 489 99
126 414 277 414
165 248 260 248
23 391 61 391
128 147 204 147
244 5 341 5
31 247 166 247
335 8 399 8
14 200 497 200
53 41 474 41
294 84 502 84
336 142 552 142
81 147 492 147
64 187 589 187
215 104 531 104
249 182 448 182
43 6 286 6
190 150 559 150
281 85 559 85
30 172 423 172
420 8 533 8
347 211 483 211
116 348 255 348
559 46 564 46
193 297 358 297
80 21 139 21
123 269 476 269
196 23 330 23
269 10 467 10
1 380 111 380
314 77 446 77
82 11 293 11
324 126 401 126
299 110 575 110
230 317 493 317
239 196 424 196
194 56 252 56
66 111 245 111
444 136 574 136
48 20 296 20
431 16 498 16
285 247 302 247
427 354 532 354
322 242 486 242
44 30 238 30
243 364 338 364
38 24 512 24
129 410 586 410
96 15 367 15
136 242 376 242
110 294 338 294
276 307 293 307
118 226 367 226
244 63 263 63
308 6 399 6
128 44 270 44
233 225 420 225
212 302 459 302
184 15 450 15
419 415 522 415
67 25 233 25
312 140 336 140
125 47 243 47
74 15 416 15
399 60 571 60
335 280 588 280
302 53 528 53
240 127 408 127
86 144 502 144
82 127 318 127
370 369 517 369
228 113 430 113
304 83 443 83
361 272 506 272
283 261 575 261
67 115 529 115
205 416 522 416
100 1 225 1
144 88 150 88
65 297 325 297
21 202 56 202
203 77 435 77
214 88 542 88
89 198 468 198
183 9 333 9
114 74 237 74
286 93 536 93
32 141 572 141
252 211 305 211
474 126 507 126
225 85 536 85
35 235 440 235
271 114 452 114
159 87 480 87
427 102 499 102
59 141 203 141
16 44 420 44
187 12 313 12
173 179 264 179
413 350 420 350
81 387 374 387
263 68 589 68
94 210 214 210
43 325 118 325
237 99 580 99
495 140 498 140
334 419 530 419
530 151 554 151
237 306 505 306
133 111 257 111
37 227 535 227
292 374 297 374
244 5 349 5
18 100 205 100
471 209 509 209
87 239 282 239
430 288 588 288
39 291 140 291
218 271 564 271
90 16 577 16
369 156 450 156
15 64 352 64
374 24 552 24
398 181 585 181
173 105 185 105
174 135 320 135
156 380 420 380
134 29 458 29
440 130 499 130
142 28 533 28
114 65 127 65
198 140 577 140
189 336 585 336
45 165 151 165
385 105 573 105
40 104 348 104
276 152 587 152
55 250 467 250
212 116 362 116
192 1 223 1
53 171 431 171
44 74 278 74
5 232 571 232
240 117 389 117
59 202 148 202
419 103 543 103
138 3 576 3
73 40 429 40
142 204 453 204
26 145 400 145
178 220 227 220
297 195 580 195
358 298 408 298
2 161 9 161
35 141 82 141
404 68 540 68
44 197 510 197
418 68 501 68
106 303 321 303
138 116 483 116
259 31 463 31
192 110 525 110
122 184 552 184
164 400 210 400
104 83 287 83
243 8 401 8
154 320 566 320
286 75 444 75
414 103 461 103
199 126 412 126
20 90 393 90
394 119 482 119
328 142 420 142
12 144 17 144
454 133 581 133
106 37 349 37
68 31 284 31
27 145 337 145
400 43 509 43
474 119 527 119
189 165 289 165
0 85 492 85
38 179 444 179
81 181 481 181
18 302 381 302
95 256 338 256
514 336 572 336
235 159 563 159
218 344 430 344
220 92 285 92
223 88 576 88
299 290 554 290
18 84 318 84
7 23 204 23
36 100 573 100
350 234 517 234
176 36 297 36
18 230 254 230
193 333 430 333
124 41 580 41
35 64 42 64
217 60 486 60
64 11 554 11
281 10 541 10
381 0 485 0
508 113 525 113
21 75 159 75
407 133 501 133
17 55 19 55
321 314 559 314
255 100 558 100
269 26 290 26
526 197 581 197
448 56 456 56
84 87 298 87
213 329 480 329
68 18 71 18
119 323 333 323
129 210 193 210
66 87 177 87
136 244 570 244
272 204 339 204
307 120 408 120
6 273 350 273
125 205 383 205
122 26 577 26
298 147 578 147
179 391 202 391
176 9 463 9
119 182 218 182
155 140 277 140
189 162 484 162
109 43 139 43
9 95 400 95
45 182 295 182
115 318 586 318
44 21 584 21
244 2 258 2
370 102 576 102
213 76 317 76
21 103 542 103
373 64 393 64
76 254 114 254
297 329 573 329
186 75 436 75
35 49 269 49
28 18 144 18
213 164 379 164
206 126 457 126
171 413 190 413
107 259 168 259
363 202 584 202
279 165 289 165
262 94 421 94
456 110 579 110
413 63 422 63
52 52 488 52
8 197 169 197
22 145 163 145
114 4 296 4
126 135 443 135
474 51 523 51
182 65 486 65
122 28 407 28
11 94 211 94
111 375 356 375
331 223 518 223
50 105 220 105
134 3 370 3
372 375 433 375
31 198 111 198
118 251 376 251
310 22 552 22
217 95 369 95
87 119 491 119
209 162 314 162
439 58 488 58
169 126 430 126
168 13 538 13
318 71 553 71
73 68 365 68
89 307 582 307
338 279 499 279
235 160 353 160
42 187 489 187
54 49 146 49
313 77 444 77
390 238 455 238
202 40 286 40
497 229 517 229
302 232 489 232
462 119 572 119
438 22 481 22
149 12 344 12
138 92 474 92
270 63 504 63
87 7 355 7
324 77 587 77
274 26 525 26
64 275 345 275
218 6 284 6
237 25 359 25
49 122 361 122
32 403 47 403
63 170 182 170
200 102 393 102
246 360 318 360
274 170 389 170
129 321 510 321
506 129 522 129
49 51 207 51
77 76 122 76
43 114 322 114
175 310 465 310
267 41 528 41
303 342 385 342
116 117 327 117
53 17 574 17
358 127 396 127
24 347 169 347
180 12 318 12
401 217 509 217
206 201 430 201
307 211 497 211
10 146 474 146
24 399 126 399
528 359 568 359
13 122 274 122
317 261 552 261
81 107 357 107
78 325 391 325
15 263 342 263
65 291 481 291
70 72 368 72
420 158 439 158
350 254 390 254
178 140 370 140
302 201 559 201
232 350 276 350
335 26 392 26
36 340 123 340
320 33 399 33
31 230 207 230
14 371 355 371
114 28 324 28
175 124 374 124
262 3 431 3
211 3 529 3
476 217 516 217
52 127 86 127
65 229 545 229
363 59 587 59
129 323 316 323
256 292 488 292
180 197 283 197
274 149 563 149
182 54 390 54
217 24 445 24
180 146 463 146
508 117 533 117
6 69 578 69
416 74 482 74
201 248 233 248
248 264 350 264
45 32 353 32
65 190 247 190
136 238 275 238
484 183 540 183
426 43 583 43
304 31 394 31
488 47 503 47
124 258 513 258
235 17 521 17
137 3 458 3
482 57 580 57
7 312 493 312
7 27 497 27
236 67 583 67
311 10 348 10
262 263 484 263
445 99 493 99
110 89 551 89
407 279 436 279
106 162 443 162
294 138 559 138
90 54 293 54
323 182 566 182
86 122 491 122
191 143 468 143
30 235 526 235
55 320 441 320
308 250 419 250
398 14 542 14
275 371 473 371
99 154 342 154
1 81 469 81
430 223 541 223
102 269 148 269
19 71 363 71
24 80 93 80
56 20 359 20
333 87 346 87
86 92 583 92
181 64 341 64
358 242 402 242
201 252 285 252
56 15 67 15
168 169 276 169
532 418 561 418
87 80 390 80
74 170 162 170
96 63 252 63
250 89 580 89
134 272 547 272
113 111 537 111
210 280 529 280
337 60 461 60
94 137 282 137
146 321 377 321
273 263 425 263
182 402 190 402
172 274 194 274
472 182 527 182
31 172 357 172
309 285 367 285
37 44 372 44
81 99 480 99
55 269 321 269
351 14 394 14
170 13 549 13
176 53 228 53
294 23 524 23
37 92 416 92
34 100 138 100
12 251 120 251
124 8 368 8
49 20 76 20
7 232 308 232
549 86 562 86
451 112 494 112
382 321 390 321
130 161 332 161
8 260 64 260
161 283 360 283
39 83 137 83
72 130 363 130
194 46 380 46
230 124 470 124
212 343 454 343
210 13 260 13
238 309 408 309
55 4 460 4
95 176 194 176
273 367 554 367
2 137 557 137
350 138 457 138
266 18 561 18
405 77 517 77
436 133 499 133
306 137 425 137
299 39 435 39
165 78 304 78
76 228 452 228
432 108 510 108
184 52 239 52
122 291 569 291
351 362 362 362
101 50 254 50
373 160 463 160
203 231 318 231
138 58 583 58
211 195 399 195
105 244 394 244
36 295 323 295
155 55 577 55
163 438 538 438
143 106 513 106
42 28 336 28
313 399 576 399
70 1 238 1
44 103 57 103
13 289 82 289
118 160 179 160
333 224 509 224
33 10 123 10
213 50 497 50
303 379 323 379
213 399 512 399
18 233 416 233
268 279 579 279
275 65 295 65
270 18 566 18
300 143 500 143
92 123 572 123
341 271 544 271
358 176 560 176
337 66 353 66
263 324 571 324
117 187 211 187
22 315 224 315
368 243 407 243
195 226 447 226
289 171 317 171
17 221 116 221
343 409 519 409
25 38 263 38
132 80 480 80
9 195 19 195
336 402 371 402
248 62 503 62
46 154 503 154
39 38 164 38
283 96 407 96
107 26 486 26
84 46 305 46
233 174 531 174
235 137 467 137
114 45 247 45
109 121 235 121
79 3 244 3
435 115 451 115
16 32 481 32
87 118 326 118
164 41 457 41
321 194 543 194
240 107 515 107
216 116 282 116
430 175 437 175
118 100 382 100
389 163 478 163
124 150 451 150
136 19 574 19
75 177 557 177
127 70 445 70
49 39 293 39
196 10 408 10
102 280 561 280
5 183 22 183
72 58 327 58
325 70 453 70
237 48 370 48
362 310 435 310
484 136 495 136
180 231 450 231
167 21 557 21
273 145 546 145
128 126 463 126
328 302 375 302
67 357 462 357
502 114 519 114
76 138 263 138
11 27 514 27
136 161 386 161
195 57 557 57
283 244 493 244
330 204 438 204
345 279 539 279
213 59 430 59
79 15 225 15
78 24 216 24
214 127 277 127
266 203 478 203
207 157 267 157
92 50 272 50
61 357 454 357
42 93 366 93
124 71 126 71
481 44 541 44
62 37 475 37
234 197 399 197
150 97 533 97
206 42 487 42
283 277 391 277
568 185 572 185
436 175 534 175
97 198 184 198
0 58 148 58
107 88 477 88
7 127 388 127
59 223 279 223
488 36 542 36
149 327 234 327
50 220 155 220
357 302 589 302
13 25 184 25
288 319 293 319
109 235 285 235
16 182 30 182
205 352 522 352
102 43 489 43
368 205 429 205
169 52 509 52
174 176 207 176
445 39 548 39
90 75 110 75
172 354 484 354
108 64 217 64
415 54 514 54
313 83 484 83
105 15 579 15
340 84 491 84
170 14 285 14
151 241 335 241
529 177 573 177
517 31 549 31
297 190 423 190
129 46 375 46
80 147 157 147
39 266 183 266
148 11 376 11
145 281 367 281
382 227 485 227
346 116 564 116
164 377 248 377
61 189 318 189
52 391 66 391
93 97 236 97
91 314 379 314
82 418 443 418
460 124 507 124
282 228 412 228
272 80 514 80
371 195 469 195
167 219 474 219
319 29 463 29
179 282 548 282
158 180 409 180
462 88 492 88
162 195 367 195
130 31 187 31
178 281 532 281
60 221 285 221
167 252 321 252
409 244 533 244
64 153 332 153
128 151 394 151
143 252 562 252
56 79 406 79
371 75 541 75
111 280 464 280
49 86 57 86
228 130 588 130
35 90 98 90
189 152 375 152
51 217 139 217
160 77 463 77
425 178 495 178
427 60 469 60
97 244 122 244
395 29 525 29
381 122 573 122
37 279 514 279
167 168 326 168
375 80 390 80
269 3 401 3
115 226 319 226
460 215 518 215
480 257 550 257
167 200 408 200
283 344 430 344
35 106 431 106
20 27 275 27
303 140 518 140
103 295 488 295
286 240 402 240
9 37 409 37
242 274 281 274
436 141 508 141
532 188 536 188
114 21 374 21
430 69 572 69
220 117 467 117
226 244 482 244
407 45 440 45
118 2 276 2
370 120 497 120
402 26 508 26
70 332 572 332
20 272 362 272
293 266 298 266
152 250 209 250
224 97 274 97
277 64 435 64
192 279 550 279
33 170 373 170
434 326 477 326
345 208 473 208
478 126 485 126
261 349 360 349
27 44 400 44
459 124 589 124
421 166 483 166
364 256 440 256
149 241 246 241
154 296 172 296
219 94 336 94
279 94 345 94
335 96 548 96
330 128 369 128
58 184 144 184
309 219 314 219
88 27 414 27
28 116 28 116
125 167 442 167
381 29 465 29
289 224 497 224
199 8 583 8
287 221 391 221
75 59 300 59
7 235 102 235
175 58 546 58
153 161 184 161
406 183 426 183
103 91 391 91
296 93 379 93
329 126 356 126
312 212 332 212
150 187 221 187
230 21 321 21
158 268 542 268
5 140 450 140
51 68 586 68
43 48 60 48
15 18 161 18
308 12 486 12
239 260 275 260
13 191 493 191
178 162 415 162
2 24 446 24
2 279 510 279
133 53 138 53
335 269 568 269
114 80 131 80
66 63 164 63
251 46 354 46
167 75 375 75
0 102 241 102
85 167 431 167
246 262 298 262
166 182 367 182
272 71 558 71
36 153 166 153
354 371 359 371
249 106 326 106
28 299 172 299
135 227 261 227
31 123 556 123
120 15 486 15
10 250 361 250
230 60 265 60
215 30 216 30
378 218 492 218
50 50 340 50
351 334 512 334
318 226 587 226
111 133 485 133
2 245 421 245
185 389 424 389
421 153 521 153
0 140 292 140
8 156 484 156
49 106 62 106
159 172 460 172
46 45 75 45
143 144 588 144
182 6 384 6
3 229 346 229
298 316 515 316
335 68 575 68
91 262 528 262
174 53 228 53
34 217 408 217
220 297 534 297
71 166 109 166
360 11 420 11
400 218 587 218
371 269 382 269
377 324 554 324
28 151 240 151
265 266 427 266
114 79 339 79
94 30 192 30
21 54 134 54
55 155 118 155
338 20 565 20
26 141 453 141
284 134 558 134
361 56 575 56
291 11 559 11
281 207 407 207
50 229 327 229
196 72 255 72
549 205 589 205
178 82 210 82
74 54 284 54
165 421 576 421
402 41 536 41
442 204 537 204
61 354 251 354
374 100 563 100
151 70 480 70
8 214 161 214
127 303 500 303
166 28 385 28
71 16 455 16
332 130 583 130
24 35 414 35
227 101 563 101
108 353 173 353
218 92 312 92
112 317 442 317
89 166 542 166
44 126 247 126
213 103 300 103
226 98 567 98
478 42 569 42
49 141 322 141
71 77 448 77
192 55 238 55
115 293 130 293
440 133 563 133
20 322 173 322
422 277 568 277
25 65 355 65
289 216 403 216
90 140 569 140
172 131 311 131
239 301 574 301
6 287 333 287
132 116 152 116
453 82 538 82
312 115 550 115
280 172 292 172
364 201 492 201
85 134 172 134
271 172 371 172
0 259 501 259
292 74 579 74
18 310 315 310
458 218 585 218
74 17 292 17
311 82 530 82
119 46 506 46
55 112 524 112
274 329 322 329
310 92 408 92
313 290 582 290
142 32 530 32
81 111 238 111
308 113 477 113
44 82 255 82
51 87 521 87
34 181 460 181
327 135 425 135
400 35 533 35
360 180 480 180
209 15 535 15
132 9 584 9
213 73 225 73
277 178 425 178
310 90 471 90
106 383 378 383
177 22 219 22
262 357 482 357
115 154 510 154
198 47 407 47
475 74 546 74
188 153 791
106 70 124 70
86 48 133 48
118 6 157 6
95 8 96 8
56 81 129 81
52 21 122 21
149 98 166 98
56 49 176 49
18 9 119 9
102 32 161 32
37 14 129 14
2 56 19 56
66 118 183 118
53 70 122 70
2 35 9 35
34 46 137 46
76 28 123 28
150 113 182 113
1 21 65 21
33 10 93 10
1 60 109 60
126 12 153 12
77 9 138 9
107 0 185 0
9 136 183 136
92 95 140 95
25 109 166 109
24 106 88 106
91 26 171 26
75 4 80 4
51 2 109 2
111 89 127 89
41 55 133 55
28 88 90 88
10 34 34 34
39 96 63 96
50 94 180 94
20 17 35 17
99 9 141 9
109 46 149 46
60 40 72 40
67 24 147 24
142 54 155 54
56 117 175 117
9 91 52 91
94 38 142 38
60 72 158 72
7 18 134 18
140 74 144 74
44 94 177 94
1 54 112 54
37 15 107 15
69 50 129 50
75 32 162 32
68 99 144 99
6 48 21 48
52 114 160 114
59 20 135 20
118 16 170 16
17 82 24 82
53 107 161 107
80 27 161 27
128 121 168 121
58 34 178 34
30 75 133 75
84 138 117 138
90 30 103 30
50 42 71 42
130 1 159 1
8 51 186 51
20 42 71 42
143 97 163 97
97 45 121 45
84 104 152 104
57 15 152 15
120 128 183 128
30 79 92 79
70 103 81 103
135 48 147 48
27 68 111 68
129 87 183 87
63 40 82 40
110 132 147 132
127 6 182 6
5 24 41 24
60 41 81 41
6 70 155 70
124 71 172 71
70 137 89 137
130 55 174 55
34 90 92 90
105 0 135 0
11 49 62 49
7 23 133 23
54 79 180 79
83 68 99 68
36 5 99 5
63 0 150 0
51 28 140 28
122 6 122 6
69 10 172 10
47 5 159 5
56 66 183 66
88 11 139 11
95 5 144 5
78 76 111 76
169 8 180 8
105 21 152 21
121 94 181 94
59 73 177 73
4 53 83 53
114 67 126 67
78 64 159 64
33 3 112 3
50 48 116 48
140 79 151 79
40 1 83 1
2 87 106 87
65 8 185 8
12 61 121 61
137 10 143 10
23 9 117 9
103 0 106 0
46 29 75 29
15 9 184 9
77 73 144 73
66 79 156 79
9 29 182 29
61 96 101 96
68 63 129 63
22 22 35 22
37 41 61 41
67 37 158 37
123 68 147 68
29 29 136 29
80 70 116 70
132 37 171 37
33 75 169 75
91 76 176 76
58 115 94 115
9 23 178 23
116 59 169 59
65 59 168 59
4 21 128 21
137 55 138 55
31 21 159 21
182 110 186 110
128 13 138 13
114 71 120 71
23 124 37 124
98 37 114 37
165 70 178 70
21 42 31 42
110 2 174 2
30 91 81 91
1 56 5 56
59 1 74 1
102 46 106 46
60 23 138 23
18 92 47 92
121 115 121 115
84 2 172 2
19 72 141 72
122 26 146 26
14 108 31 108
17 42 52 42
11 70 14 70
127 41 148 41
14 47 57 47
33 80 183 80
60 49 120 49
28 1 91 1
123 9 158 9
31 0 57 0
6 5 127 5
10 15 48 15
111 36 142 36
62 63 111 63
17 59 53 59
26 35 169 35
5 9 23 9
103 84 131 84
33 81 76 81
120 19 120 19
52 11 94 11
144 83 180 83
82 27 102 27
52 76 59 76
36 94 59 94
180 24 182 24
123 69 124 69
152 24 178 24
61 15 154 15
64 42 179 42
113 29 124 29
45 27 112 27
84 55 105 55
105 25 179 25
82 17 130 17
33 93 68 93
44 30 183 30
89 41 113 41
41 32 97 32
32 104 164 104
45 20 125 20
58 23 68 23
14 24 172 24
5 47 129 47
19 68 48 68
86 3 113 3
78 1 136 1
126 50 165 50
9 12 92 12
14 23 139 23
92 16 184 16
22 65 102 65
52 14 117 14
61 99 71 99
65 94 118 94
61 45 115 45
33 28 107 28
8 35 13 35
3 113 97 113
6 5 185 5
27 107 60 107
21 60 170 60
98 11 126 11
4 37 171 37
12 68 95 68
16 14 77 14
56 50 145 50
6 17 37 17
27 28 100 28
5 22 52 22
163 66 177 66
7 37 114 37
68 40 74 40
11 66 129 66
164 12 171 12
10 32 171 32
137 28 176 28
99 47 151 47
109 15 180 15
83 16 158 16
96 31 175 31
7 39 174 39
96 136 166 136
97 42 100 42
8 101 61 101
52 57 127 57
14 46 143 46
143 7 157 7
105 57 128 57
9 30 178 30
36 2 171 2
76 3 157 3
59 39 124 39
137 1 174 1
105 4 115 4
15 44 63 44
54 62 170 62
65 82 165 82
148 105 150 105
61 15 174 15
81 47 95 47
38 83 119 83
69 67 103 67
0 72 80 72
43 24 102 24
25 99 93 99
21 83 142 83
134 54 158 54
35 96 170 96
18 47 159 47
84 14 122 14
56 127 81 127
103 0 186 0
9 24 97 24
48 88 132 88
2 42 76 42
171 13 184 13
22 102 138 102
88 103 94 103
123 35 174 35
90 61 145 61
149 32 169 32
80 55 169 55
55 46 168 46
40 142 186 142
142 26 185 26
33 89 106 89
7 110 89 110
28 23 45 23
68 66 132 66
54 86 103 86
80 89 162 89
45 8 94 8
47 47 65 47
48 57 142 57
128 1 179 1
113 2 184 2
81 52 174 52
6 15 177 15
5 24 158 24
57 7 121 7
79 9 180 9
115 83 158 83
17 4 110 4
98 85 177 85
138 106 175 106
39 7 94 7
24 21 60 21
26 115 63 115
108 74 187 74
1 36 111 36
5 2 71 2
12 27 185 27
45 60 118 60
98 5 126 5
43 34 102 34
120 56 187 56
72 10 89 10
28 49 127 49
58 114 160 114
132 19 155 19
54 15 152 15
42 39 83 39
49 15 95 15
48 22 139 22
18 23 119 23
122 131 159 131
9 86 99 86
17 44 100 44
11 94 11 94
144 28 164 28
75 60 124 60
99 20 131 20
4 18 173 18
28 71 158 71
111 83 153 83
67 79 84 79
42 14 105 14
14 16 164 16
145 28 165 28
36 63 106 63
38 64 137 64
61 36 155 36
24 5 40 5
118 130 139 130
64 103 68 103
149 87 152 87
24 48 167 48
30 21 105 21
37 42 186 42
26 104 57 104
106 65 165 65
53 46 162 46
124 60 136 60
10 116 144 116
29 7 75 7
71 13 106 13
70 27 120 27
2 6 145 6
4 1 28 1
32 82 112 82
160 4 174 4
25 34 137 34
70 45 186 45
41 43 44 43
24 10 175 10
6 119 103 119
97 30 127 30
61 4 88 4
134 20 163 20
56 133 178 133
109 42 142 42
26 52 114 52
5 46 97 46
77 107 80 107
2 30 109 30
63 59 83 59
29 6 32 6
34 76 59 76
38 64 146 64
62 88 75 88
10 126 40 126
37 44 140 44
98 45 110 45
60 76 114 76
93 76 172 76
59 8 99 8
65 4 182 4
59 59 94 59
125 10 173 10
13 115 32 115
52 10 179 10
36 36 133 36
48 49 91 49
68 12 123 12
111 21 179 21
63 42 123 42
83 102 107 102
54 74 154 74
95 2 130 2
15 75 16 75
74 47 166 47
85 5 121 5
17 42 62 42
61 75 179 75
174 59 177 59
152 23 161 23
17 54 123 54
43 53 147 53
174 12 178 12
87 66 176 66
11 54 137 54
79 0 129 0
43 33 76 33
87 101 119 101
1 124 17 124
125 10 133 10
90 65 182 65
54 13 159 13
1 10 72 10
152 13 172 13
87 50 110 50
23 84 166 84
5 2 153 2
42 25 61 25
82 1 90 1
55 62 134 62
22 13 34 13
98 6 130 6
45 2 80 2
7 39 136 39
56 32 69 32
3 54 104 54
153 22 176 22
0 120 34 120
99 16 173 16
77 72 96 72
23 33 132 33
79 17 87 17
3 10 184 10
131 81 143 81
27 78 39 78
4 137 125 137
77 22 171 22
57 5 67 5
22 16 135 16
100 75 120 75
54 80 113 80
49 58 60 58
2 2 161 2
3 134 81 134
34 123 65 123
146 0 178 0
154 71 165 71
6 9 179 9
105 4 162 4
120 110 129 110
70 119 153 119
123 87 142 87
46 123 175 123
15 51 109 51
119 86 149 86
49 49 95 49
41 142 177 142
99 33 134 33
46 108 84 108
3 79 32 79
109 4 116 4
157 31 173 31
55 44 138 44
26 10 78 10
108 2 143 2
50 26 171 26
3 102 130 102
38 22 107 22
47 43 136 43
31 77 125 77
58 112 75 112
136 20 169 20
42 87 101 87
43 12 180 12
93 8 134 8
120 116 142 116
20 48 63 48
70 16 128 16
76 45 187 45
45 29 178 29
125 113 176 113
45 4 147 4
133 76 155 76
118 29 146 29
56 98 110 98
20 88 100 88
15 90 17 90
48 32 149 32
81 29 85 29
8 8 170 8
1 34 20 34
161 68 178 68
63 84 185 84
111 2 172 2
9 64 56 64
94 41 122 41
19 46 74 46
88 111 122 111
101 139 156 139
24 41 76 41
69 95 103 95
104 18 171 18
87 27 102 27
43 26 90 26
120 14 184 14
163 79 179 79
5 28 141 28
49 20 100 20
35 113 155 113
63 27 112 27
17 87 164 87
14 73 105 73
16 108 111 108
60 29 139 29
94 40 95 40
175 60 176 60
25 6 41 6
29 25 146 25
74 54 185 54
4 48 86 48
30 22 161 22
88 90 133 90
46 89 70 89
124 72 131 72
109 25 183 25
123 101 176 101
122 64 140 64
150 4 174 4
124 13 135 13
125 67 161 67
15 29 184 29
106 127 117 127
28 6 96 6
0 97 122 97
24 26 75 26
82 18 99 18
140 7 141 7
14 34 17 34
65 103 169 103
73 19 132 19
6 75 185 75
55 30 61 30
118 104 125 104
61 26 158 26
7 13 25 13
104 8 156 8
17 14 176 14
48 51 162 51
53 29 113 29
52 13 143 13
33 14 174 14
131 68 182 68
92 36 166 36
115 9 167 9
97 28 146 28
78 22 112 22
95 63 104 63
64 19 143 19
70 21 177 21
84 35 152 35
76 46 123 46
49 141 86 141
105 79 133 79
179 32 186 32
27 65 77 65
112 68 184 68
12 110 170 110
9 17 16 17
69 114 122 114
5 84 57 84
67 40 90 40
24 29 111 29
53 62 109 62
105 66 106 66
130 64 154 64
78 66 150 66
9 2 113 2
25 3 157 3
35 17 120 17
114 125 128 125
24 77 88 77
8 2 150 2
28 72 174 72
75 39 76 39
8 23 51 23
14 59 14 59
42 20 123 20
46 83 160 83
58 67 187 67
3 103 77 103
1 72 38 72
10 1 28 1
62 49 134 49
7 82 70 82
62 75 121 75
137 37 151 37
7 50 165 50
22 102 162 102
121 4 172 4
37 52 118 52
107 57 160 57
47 78 145 78
28 30 173 30
80 43 97 43
90 68 158 68
91 128 120 128
67 21 104 21
1 46 37 46
150 65 182 65
22 40 108 40
97 128 177 128
8 34 59 34
42 30 94 30
79 40 141 40
4 39 62 39
77 3 166 3
40 118 143 118
137 79 148 79
37 123 60 123
144 5 183 5
63 0 80 0
22 72 168 72
34 23 42 23
48 87 114 87
80 85 101 85
99 5 140 5
171 48 182 48
63 8 68 8
54 12 108 12
86 73 139 73
78 5 163 5
66 66 147 66
23 16 108 16
71 3 173 3
4 22 187 22
68 54 142 54
130 2 157 2
13 69 124 69
73 34 154 34
11 62 112 62
89 15 144 15
25 101 150 101
149 79 157 79
92 26 148 26
98 76 172 76
34 87 101 87
38 104 153 104
136 17 139 17
42 53 158 53
80 61 129 61
0 24 14 24
77 62 117 62
73 97 86 97
151 51 173 51
94 63 171 63
73 16 80 16
53 73 88 73
96 11 179 11
107 41 136 41
137 4 155 4
20 74 31 74
79 5 116 5
7 26 151 26
82 18 141 18
12 26 63 26
72 1 150 1
30 31 39 31
96 41 135 41
54 69 98 69
24 7 163 7
13 41 119 41
9 25 95 25
11 21 79 21
111 125 126 125
71 89 121 89
40 123 155 123
55 8 87 8
9 74 142 74
21 61 50 61
10 96 19 96
156 8 184 8
71 9 180 9
55 93 175 93
45 122 87 122
173 43 175 43
38 34 137 34
40 38 67 38
150 146 178 146
145 12 158 12
48 41 76 41
85 43 183 43
105 36 114 36
26 52 180 52
21 46 87 46
94 48 96 48
53 48 123 48
109 7 116 7
31 113 61 113
132 39 187 39
23 86 63 86
17 96 62 96
77 112 167 112
120 1 152 1
92 7 186 7
36 35 69 35
118 49 178 49
105 54 108 54
91 101 147 101
42 15 102 15
11 13 34 13
21 38 113 38
23 89 58 89
124 8 159 8
15 31 56 31
36 118 79 118
136 46 181 46
23 84 154 84
130 22 184 22
88 115 156 115
6 30 135 30
172 97 186 97
49 4 136 4
66 111 81 111
27 97 62 97
52 59 132 59
47 36 77 36
170 121 178 121
55 81 85 81
132 50 180 50
29 93 127 93
19 55 161 55
53 98 103 98
93 35 108 35
139 111 151 111
95 5 174 5
2 128 118 128
87 49 151 49
144 67 148 67
88 111 164 111
142 74 178 74
110 49 119 49
28 70 72 70
63 94 85 94
35 38 62 38
10 2 87 2
32 27 74 27
130 27 181 27
6 52 64 52
14 34 122 34
97 32 118 32
107 33 117 33
66 76 73 76
125 6 184 6
170 88 181 88
81 92 129 92
22 20 67 20
62 34 172 34
28 1 60 1
33 3 137 3
33 126 73 126
54 67 142 67
58 31 81 31
22 24 106 24
79 27 148 27
24 61 30 61
113 9 126 9
11 115 57 115
6 29 129 29
33 96 74 96
68 58 80 58
1 41 179 41
8 9 181 9
85 2 162 2
15 21 29 21
14 85 46 85
2 13 172 13
6 85 32 85
44 4 183 4
9 87 97 87
107 139 159 139
157 882 927
3 391 146 391
50 353 127 353
14 66 137 66
10 166 87 166
9 38 95 38
27 447 107 447
66 442 103 442
6 119 91 119
18 223 27 223
28 3 149 3
41 333 73 333
9 236 32 236
65 7 106 7
14 76 24 76
91 377 133 377
13 189 31 189
55 236 101 236
0 575 149 575
100 743 131 743
0 654 9 654
3 84 115 84
25 394 90 394
122 532 153 532
78 9 102 9
81 734 148 734
13 114 148 114
4 53 65 53
15 511 98 511
35 176 88 176
77 78 134 78
63 707 129 707
104 79 146 79
18 57 105 57
87 268 127 268
51 501 93 501
0 345 20 345
36 33 145 33
97 135 129 135
93 627 107 627
27 247 27 247
136 170 150 170
140 548 140 548
59 426 145 426
23 447 123 447
109 313 127 313
47 318 134 318
58 100 97 100
14 20 124 20
76 97 152 97
117 154 125 154
113 333 151 333
72 379 151 379
70 122 96 122
13 614 39 614
33 80 95 80
10 90 86 90
20 188 41 188
107 118 125 118
80 350 112 350
71 205 107 205
77 159 116 159
115 409 139 409
102 96 128 96
100 297 140 297
21 363 58 363
15 196 142 196
47 720 137 720
31 323 47 323
3 241 27 241
17 184 117 184
102 127 119 127
26 407 33 407
74 278 100 278
8 84 31 84
14 215 119 215
15 401 71 401
94 34 100 34
49 303 148 303
111 82 119 82
92 371 105 371
26 283 113 283
27 331 118 331
14 307 98 307
102 160 119 160
0 166 11 166
54 40 144 40
85 189 108 189
8 495 110 495
121 276 133 276
12 134 118 134
103 247 103 247
119 194 119 194
2 9 132 9
4 0 43 0
83 516 100 516
19 166 142 166
10 452 129 452
62 309 122 309
23 47 74 47
10 449 106 449
11 591 72 591
114 245 137 245
41 148 65 148
8 529 141 529
30 31 143 31
29 8 116 8
9 300 15 300
0 263 99 263
76 382 131 382
44 162 123 162
35 74 66 74
100 766 111 766
118 756 135 756
1 175 141 175
109 502 141 502
29 385 106 385
130 583 146 583
30 455 136 455
18 71 149 71
144 360 151 360
10 573 152 573
37 94 92 94
29 399 92 399
99 310 104 310
0 714 82 714
128 386 153 386
72 281 139 281
28 555 131 555
12 314 57 314
82 193 100 193
70 735 91 735
3 249 95 249
1 496 28 496
21 109 135 109
76 441 125 441
100 303 141 303
18 34 97 34
5 225 25 225
0 769 46 769
56 7 144 7
16 477 120 477
52 388 118 388
60 261 108 261
9 620 140 620
9 156 148 156
54 500 103 500
58 477 149 477
74 469 139 469
120 548 125 548
80 468 148 468
67 31 83 31
19 365 131 365
70 271 89 271
83 57 119 57
28 372 99 372
91 129 145 129
14 100 53 100
12 132 63 132
25 58 87 58
30 453 119 453
77 185 139 185
20 190 113 190
27 141 88 141
43 360 145 360
31 278 128 278
83 724 115 724
59 293 95 293
13 381 152 381
86 151 126 151
91 74 143 74
3 28 141 28
40 542 117 542
72 438 97 438
38 14 136 14
138 253 139 253
87 30 151 30
18 721 30 721
78 424 142 424
121 609 146 609
12 419 133 419
72 272 77 272
37 97 111 97
83 523 89 523
28 250 65 250
15 221 115 221
62 76 123 76
17 162 121 162
24 74 140 74
24 269 105 269
28 469 82 469
113 446 118 446
76 405 94 405
29 34 59 34
60 73 140 73
22 435 96 435
57 170 131 170
92 231 129 231
25 1 92 1
25 131 96 131
46 138 99 138
103 24 150 24
141 208 154 208
89 444 151 444
76 344 122 344
28 512 94 512
17 182 127 182
3 142 104 142
22 185 133 185
133 668 135 668
58 54 73 54
27 269 41 269
3 119 54 119
86 516 117 516
24 126 115 126
61 790 122 790
68 555 95 555
23 602 112 602
37 235 72 235
5 158 103 158
123 526 147 526
16 78 45 78
105 190 148 190
8 537 93 537
12 496 78 496
28 552 137 552
13 826 19 826
26 206 142 206
109 334 137 334
2 301 114 301
93 52 99 52
23 411 131 411
109 169 117 169
86 168 142 168
17 85 49 85
100 321 135 321
41 143 48 143
10 413 52 413
64 582 126 582
63 77 145 77
94 122 150 122
12 22 42 22
35 244 138 244
1 6 4 6
41 430 105 430
120 115 134 115
126 232 128 232
65 459 95 459
102 456 114 456
31 4 119 4
11 237 110 237
29 62 126 62
68 97 103 97
87 306 156 306
64 311 147 311
0 88 95 88
84 115 149 115
59 153 141 153
128 361 156 361
11 40 139 40
33 57 69 57
91 31 134 31
35 180 86 180
76 258 85 258
46 305 64 305
150 249 151 249
75 552 126 552
53 98 74 98
99 161 132 161
97 90 102 90
26 308 75 308
13 760 113 760
71 107 138 107
129 97 132 97
44 609 90 609
48 118 113 118
30 141 100 141
17 120 98 120
10 499 84 499
20 232 146 232
8 103 124 103
33 1 57 1
16 243 142 243
94 109 95 109
23 11 119 11
34 648 142 648
100 154 115 154
12 98 142 98
58 118 148 118
65 393 89 393
24 766 88 766
65 841 109 841
8 189 57 189
4 55 11 55
94 152 130 152
128 296 141 296
8 151 39 151
42 456 62 456
93 799 109 799
9 295 51 295
75 176 153 176
27 52 42 52
123 16 137 16
6 344 18 344
37 262 88 262
103 572 143 572
65 361 93 361
104 80 128 80
8 172 123 172
19 156 40 156
36 356 142 356
143 370 144 370
38 35 111 35
59 535 155 535
112 85 129 85
53 706 73 706
37 322 79 322
4 229 97 229
94 325 148 325
45 397 116 397
46 266 137 266
4 143 71 143
85 496 105 496
16 374 93 374
69 651 107 651
87 467 147 467
23 550 127 550
37 318 106 318
86 32 97 32
65 266 98 266
67 187 101 187
72 305 78 305
52 22 133 22
87 580 97 580
120 235 147 235
62 142 126 142
20 224 111 224
46 163 65 163
16 486 52 486
54 157 136 157
137 306 149 306
64 266 126 266
54 376 65 376
17 20 81 20
6 102 119 102
62 180 75 180
22 371 35 371
61 48 110 48
50 383 139 383
33 421 137 421
11 683 49 683
67 207 81 207
135 377 139 377
63 275 121 275
56 741 110 741
36 480 78 480
60 315 67 315
85 19 88 19
95 117 125 117
79 183 136 183
6 243 100 243
3 380 116 380
8 785 29 785
115 22 148 22
89 31 144 31
138 360 145 360
31 280 89 280
28 527 133 527
68 274 132 274
83 585 107 585
85 237 155 237
6 572 76 572
42 22 89 22
36 415 102 415
67 271 109 271
131 400 142 400
20 89 100 89
14 342 116 342
85 196 134 196
83 491 108 491
10 224 23 224
53 720 149 720
2 43 62 43
136 439 155 439
1 164 50 164
31 133 126 133
22 276 154 276
25 689 73 689
22 16 145 16
30 390 104 390
19 759 83 759
24 316 110 316
46 462 62 462
72 324 118 324
74 330 150 330
85 419 96 419
129 209 150 209
120 193 121 193
66 61 118 61
107 4 142 4
22 651 143 651
96 101 138 101
25 73 128 73
27 220 36 220
117 147 125 147
108 348 137 348
35 185 48 185
43 273 131 273
27 19 35 19
14 398 98 398
11 103 19 103
57 772 149 772
103 121 146 121
31 150 97 150
16 281 27 281
0 361 109 361
51 53 152 53
37 201 73 201
12 519 23 519
26 64 126 64
59 374 64 374
12 17 86 17
44 425 69 425
40 172 105 172
12 500 68 500
54 221 64 221
53 259 93 259
0 11 92 11
132 161 139 161
77 740 148 740
63 314 91 314
15 618 124 618
70 330 97 330
86 305 96 305
104 35 151 35
38 70 107 70
27 739 144 739
45 293 102 293
1 28 107 28
12 282 55 282
81 251 135 251
11 222 52 222
1 117 111 117
40 266 108 266
33 222 38 222
14 74 115 74
35 281 149 281
119 11 123 11
20 187 95 187
53 137 73 137
101 284 116 284
5 482 75 482
17 195 46 195
72 780 152 780
93 158 105 158
6 390 55 390
80 633 139 633
120 15 156 15
90 336 148 336
10 212 146 212
55 24 71 24
109 179 123 179
86 235 147 235
37 79 93 79
53 171 129 171
10 462 18 462
80 102 127 102
27 82 132 82
0 90 149 90
72 375 82 375
51 452 74 452
100 193 136 193
126 292 140 292
48 38 129 38
9 345 59 345
49 73 64 73
42 192 64 192
23 274 81 274
94 57 142 57
50 120 125 120
115 149 153 149
59 289 126 289
28 702 46 702
43 354 47 354
64 90 110 90
5 811 19 811
44 129 83 129
22 430 32 430
35 166 136 166
99 355 120 355
115 322 147 322
1 402 85 402
13 364 16 364
89 34 153 34
99 203 132 203
42 369 67 369
78 140 133 140
26 359 127 359
22 446 34 446
18 721 151 721
10 180 64 180
2 331 22 331
7 300 16 300
33 29 118 29
36 323 45 323
29 317 111 317
8 99 89 99
44 33 63 33
46 84 80 84
75 66 90 66
39 568 99 568
61 75 65 75
39 384 92 384
59 744 154 744
1 425 39 425
130 40 138 40
7 240 131 240
39 5 39 5
46 519 105 519
59 215 88 215
23 185 147 185
89 801 120 801
60 218 72 218
129 547 151 547
49 252 136 252
64 506 108 506
16 142 75 142
35 395 118 395
37 490 106 490
65 30 106 30
98 54 130 54
42 76 124 76
113 352 136 352
13 181 126 181
4 249 119 249
98 592 121 592
14 388 96 388
66 369 137 369
79 26 142 26
82 139 110 139
2 779 6 779
10 594 136 594
24 110 87 110
53 746 122 746
38 9 69 9
69 225 122 225
17 308 73 308
7 128 37 128
56 67 60 67
14 129 82 129
1 422 112 422
4 545 64 545
0 759 102 759
18 1 143 1
6 53 124 53
48 312 123 312
25 353 130 353
78 90 88 90
106 60 152 60
55 167 138 167
54 230 131 230
83 147 108 147
117 243 120 243
97 609 141 609
73 814 148 814
9 357 134 357
1 10 36 10
36 395 121 395
69 8 156 8
39 43 121 43
39 390 43 390
46 449 106 449
13 0 45 0
92 653 153 653
45 34 57 34
50 177 78 177
25 590 70 590
75 278 102 278
18 779 134 779
8 128 39 128
13 345 76 345
106 198 140 198
16 166 136 166
60 54 142 54
106 302 148 302
60 380 71 380
29 137 67 137
28 193 35 193
54 350 123 350
9 408 26 408
41 312 67 312
58 16 94 16
15 155 24 155
51 335 127 335
20 441 29 441
130 57 151 57
41 159 99 159
94 148 104 148
73 131 145 131
6 188 88 188
1 147 14 147
72 324 74 324
22 11 33 11
24 135 40 135
39 230 98 230
30 241 78 241
65 22 109 22
24 379 156 379
29 266 153 266
76 71 111 71
56 650 72 650
55 1 100 1
18 645 95 645
1 90 26 90
12 217 115 217
52 420 72 420
56 52 88 52
51 484 112 484
63 303 149 303
107 94 144 94
118 758 146 758
88 3 94 3
30 111 99 111
18 1 38 1
23 366 24 366
69 216 133 216
79 721 91 721
139 200 147 200
118 476 139 476
36 198 96 198
24 708 84 708
23 184 57 184
122 35 123 35
100 554 156 554
10 90 75 90
84 33 152 33
17 358 17 358
69 359 146 359
42 139 97 139
102 215 142 215
21 369 43 369
49 48 142 48
40 40 52 40
64 297 97 297
68 82 101 82
44 65 138 65
45 194 71 194
29 21 149 21
134 290 138 290
26 353 53 353
25 56 125 56
34 64 78 64
56 328 147 328
20 141 148 141
16 385 92 385
46 411 67 411
76 149 78 149
113 408 130 408
91 263 134 263
8 630 134 630
39 345 110 345
129 87 129 87
60 189 66 189
56 602 61 602
16 16 36 16
5 683 22 683
113 259 121 259
68 431 70 431
28 583 90 583
1 510 12 510
53 21 87 21
1 534 42 534
60 446 102 446
70 145 72 145
40 265 154 265
24 63 122 63
52 52 90 52
23 189 26 189
101 688 147 688
4 452 18 452
22 369 28 369
11 601 135 601
74 61 151 61
34 118 132 118
69 657 96 657
110 425 113 425
42 191 142 191
32 91 117 91
35 122 56 122
73 532 75 532
119 445 129 445
5 513 93 513
62 721 154 721
106 28 120 28
102 715 144 715
98 272 102 272
95 173 119 173
91 681 138 681
65 565 134 565
65 202 69 202
115 325 121 325
18 638 68 638
5 674 116 674
34 383 86 383
97 18 151 18
24 13 67 13
85 145 133 145
15 374 128 374
76 666 145 666
40 512 122 512
88 699 143 699
81 68 141 68
64 401 73 401
7 254 115 254
121 390 123 390
55 405 72 405
88 125 150 125
35 514 132 514
47 351 150 351
48 13 114 13
12 270 57 270
17 257 33 257
57 388 126 388
0 641 97 641
0 276 125 276
1 652 113 652
2 369 117 369
80 321 84 321
2 735 113 735
65 376 95 376
13 126 20 126
17 64 78 64
76 269 118 269
139 342 145 342
75 151 106 151
48 50 50 50
121 50 134 50
0 21 60 21
9 188 40 188
104 282 124 282
11 77 107 77
54 474 91 474
43 207 96 207
64 297 103 297
40 477 121 477
56 391 155 391
63 578 134 578
51 163 123 163
41 616 139 616
147 388 156 388
6 174 147 174
35 279 131 279
49 40 50 40
91 58 149 58
79 371 109 371
55 3 98 3
61 249 70 249
39 420 131 420
114 26 118 26
135 130 155 130
33 175 91 175
2 307 42 307
11 0 145 0
73 633 147 633
4 257 70 257
88 761 94 761
106 64 115 64
73 478 91 478
66 300 153 300
36 592 57 592
38 368 54 368
137 515 145 515
41 31 153 31
20 189 61 189
21 642 82 642
38 289 103 289
46 535 144 535
79 773 121 773
4 607 54 607
115 257 145 257
51 661 107 661
4 351 29 351
116 405 138 405
60 340 70 340
133 385 134 385
63 326 66 326
91 403 131 403
61 260 137 260
113 509 132 509
58 643 78 643
0 451 152 451
30 314 35 314
41 249 102 249
11 751 46 751
38 317 137 317
94 180 119 180
42 320 80 320
39 59 53 59
32 389 131 389
145 334 145 334
40 278 75 278
8 112 103 112
6 376 20 376
25 366 108 366
13 385 17 385
62 527 90 527
27 356 69 356
109 647 133 647
44 53 54 53
140 690 143 690
124 75 138 75
51 80 121 80
123 87 156 87
29 277 108 277
25 68 60 68
63 290 151 290
2 54 87 54
44 286 61 286
7 226 107 226
67 327 133 327
13 282 93 282
6 158 96 158
100 101 128 101
41 560 60 560
40 281 127 281
50 127 61 127
57 256 108 256
32 515 62 515
59 12 104 12
30 278 155 278
17 298 36 298
9 31 99 31
87 161 115 161
99 269 151 269
83 68 99 68
135 154 143 154
68 565 148 565
108 520 148 520
59 162 71 162
28 531 156 531
49 62 141 62
2 663 27 663
9 424 37 424
88 276 109 276
53 421 154 421
97 25 130 25
79 523 89 523
71 194 133 194
10 775 133 775
46 349 71 349
106 114 128 114
40 131 88 131
37 721 130 721
12 302 85 302
42 366 45 366
41 180 108 180
47 201 122 201
56 278 63 278
52 577 147 577
44 52 93 52
70 5 155 5
48 37 76 37
8 530 44 530
117 299 134 299
8 403 80 403
10 172 85 172
30 103 71 103
60 296 135 296
64 742 87 742
9 651 125 651
58 316 136 316
49 627 135 627
9 22 23 22
52 666 147 666
58 668 145 668
51 25 123 25
6 1 7 1
96 42 109 42
46 122 68 122
78 313 123 313
75 577 139 577
0 369 130 369
57 459 150 459
19 213 98 213
34 593 77 593
119 306 123 306
24 517 60 517
100 7 101 7
53 440 75 440
112 367 152 367
3 466 106 466
91 312 128 312
64 325 113 325
18 104 138 104
106 702 124 702
91 30 133 30
90 59 90 59
137 398 147 398
25 55 129 55
24 612 77 612
55 304 63 304
79 537 99 537
18 685 138 685
41 131 115 131
60 31 87 31
82 741 126 741
55 612 120 612
25 593 156 593
25 465 77 465
72 22 155 22
85 371 117 371
7 6 116 6
32 404 123 404
15 17 151 17
29 300 43 300
32 99 57 99
94 523 114 523
0 163 35 163
28 668 132 668
35 165 45 165
1 262 135 262
34 13 35 13
53 726 76 726
124 188 155 188
101 144 101 144
9 366 38 366
93 459 107 459
37 311 102 311
62 255 369
38 61 47 61
20 20 57 20
48 26 52 26
18 174 47 174
12 28 25 28
4 7 15 7
46 35 47 35
44 46 50 46
9 166 10 166
4 231 36 231
4 5 39 5
0 116 42 116
4 132 17 132
8 137 25 137
3 104 28 104
5 199 27 199
24 82 41 82
18 130 39 130
36 59 39 59
4 113 43 113
0 128 1 128
29 197 38 197
9 191 60 191
14 10 21 10
10 54 41 54
2 149 34 149
18 11 22 11
17 228 44 228
41 35 44 35
21 57 48 57
39 189 49 189
4 92 42 92
1 163 54 163
15 11 33 11
30 221 43 221
14 153 18 153
20 17 54 17
0 4 23 4
8 178 35 178
7 123 25 123
24 22 33 22
19 219 26 219
3 99 48 99
4 168 57 168
9 2 25 2
1 203 46 203
20 1 55 1
31 49 60 49
4 80 48 80
11 1 33 1
1 60 50 60
30 173 49 173
1 44 25 44
34 22 36 22
1 126 29 126
30 75 31 75
1 33 44 33
17 6 51 6
4 226 46 226
46 109 53 109
3 67 41 67
6 169 29 169
56 127 61 127
4 93 56 93
30 32 36 32
36 202 54 202
6 103 28 103
12 82 52 82
32 22 59 22
0 59 53 59
7 194 29 194
6 6 38 6
32 0 33 0
23 0 45 0
1 91 25 91
23 66 43 66
26 58 42 58
23 144 47 144
15 13 54 13
20 101 61 101
32 48 58 48
21 205 56 205
46 0 49 0
19 24 28 24
5 115 37 115
13 13 38 13
8 113 14 113
21 168 33 168
39 31 57 31
26 163 55 163
53 133 58 133
35 129 56 129
24 121 31 121
25 76 48 76
8 78 48 78
1 33 19 33
8 87 45 87
18 28 26 28
33 23 41 23
21 5 25 5
22 126 46 126
21 142 33 142
26 59 36 59
3 20 56 20
6 102 15 102
44 33 51 33
32 164 39 164
46 42 50 42
39 15 50 15
1 105 29 105
34 77 54 77
4 77 56 77
5 21 31 21
5 1 49 1
27 5 40 5
24 138 27 138
10 94 46 94
11 103 20 103
18 171 38 171
29 141 57 141
40 172 44 172
16 63 52 63
15 25 20 25
31 157 44 157
53 59 61 59
3 144 26 144
11 32 33 32
4 53 42 53
46 165 59 165
3 101 34 101
35 36 52 36
33 21 59 21
3 13 60 13
32 180 38 180
19 65 53 65
0 130 20 130
6 20 43 20
6 134 39 134
25 31 49 31
7 98 54 98
23 167 51 167
4 14 14 14
22 120 54 120
47 10 60 10
43 33 55 33
0 130 47 130
36 61 44 61
19 121 52 121
5 15 56 15
18 6 33 6
15 79 20 79
17 70 58 70
16 81 51 81
12 179 44 179
32 105 44 105
0 3 43 3
32 125 42 125
21 99 35 99
27 13 56 13
42 114 46 114
22 204 35 204
35 26 55 26
27 106 46 106
12 169 44 169
2 140 50 140
1 170 44 170
8 54 22 54
26 34 40 34
14 97 42 97
35 136 59 136
6 13 60 13
1 95 26 95
1 27 19 27
30 90 39 90
1 172 38 172
22 132 60 132
35 139 42 139
12 54 58 54
6 55 11 55
5 77 48 77
8 93 9 93
3 130 43 130
10 61 41 61
24 41 32 41
15 170 50 170
34 0 40 0
21 10 44 10
51 199 53 199
10 5 42 5
33 16 54 16
4 126 9 126
8 165 28 165
42 32 43 32
7 90 59 90
2 6 35 6
23 150 50 150
22 141 43 141
31 246 52 246
4 110 20 110
8 55 16 55
9 54 25 54
6 146 19 146
22 93 59 93
12 99 13 99
14 32 26 32
23 13 58 13
32 57 37 57
40 53 58 53
29 3 52 3
39 3 55 3
58 187 60 187
18 41 45 41
32 46 59 46
1 188 46 188
16 136 40 136
0 221 57 221
42 23 60 23
49 207 53 207
1 98 10 98
51 52 58 52
4 216 52 216
22 9 54 9
2 58 8 58
30 56 36 56
41 113 44 113
8 105 22 105
14 37 44 37
4 82 49 82
2 53 45 53
20 115 40 115
40 87 54 87
17 20 18 20
30 105 59 105
22 19 31 19
8 53 46 53
4 114 39 114
23 19 32 19
46 160 53 160
11 27 38 27
25 6 61 6
0 30 54 30
3 28 42 28
22 32 59 32
19 2 39 2
38 106 49 106
8 10 61 10
38 103 57 103
39 54 50 54
51 28 54 28
8 53 20 53
27 9 41 9
17 166 37 166
13 104 41 104
18 59 33 59
18 48 31 48
36 16 53 16
15 190 54 190
16 15 26 15
50 73 54 73
9 107 56 107
13 63 38 63
34 109 36 109
10 132 22 132
55 48 58 48
5 22 45 22
13 60 46 60
38 13 61 13
30 202 61 202
12 195 34 195
11 7 40 7
13 69 32 69
1 74 9 74
20 5 25 5
0 123 34 123
42 128 53 128
13 44 54 44
30 238 60 238
5 13 38 13
59 131 59 131
4 27 60 27
18 79 58 79
3 83 56 83
52 53 57 53
12 33 33 33
6 144 26 144
2 53 21 53
15 6 31 6
3 128 43 128
44 39 55 39
27 83 48 83
29 138 30 138
20 103 29 103
11 9 21 9
16 128 58 128
10 132 13 132
10 14 29 14
54 122 58 122
17 174 51 174
17 21 39 21
25 93 40 93
17 31 22 31
15 93 59 93
18 181 26 181
2 28 18 28
30 91 46 91
17 37 34 37
47 221 50 221
35 129 50 129
11 177 20 177
14 29 22 29
39 179 59 179
24 62 57 62
33 12 40 12
7 104 41 104
0 150 60 150
21 69 51 69
7 189 54 189
11 57 61 57
22 44 53 44
10 136 13 136
31 132 52 132
47 0 61 0
32 45 33 45
20 184 27 184
30 78 33 78
48 52 48 52
7 30 23 30
1 38 51 38
20 13 34 13
13 31 38 31
0 3 27 3
34 78 44 78
10 103 40 103
31 57 47 57
7 112 29 112
22 51 56 51
39 198 57 198
19 11 46 11
10 141 50 141
22 201 29 201
6 224 31 224
21 102 40 102
4 64 52 64
50 141 56 141
23 143 44 143
51 49 51 49
46 40 60 40
50 28 50 28
17 60 44 60
17 68 24 68
7 142 16 142
21 8 32 8
49 229 49 229
13 62 13 62
9 86 34 86
12 132 30 132
15 80 23 80
14 109 39 109
10 19 20 19
11 5 56 5
0 83 15 83
7 3 32 3
22 36 41 36
11 21 57 21
27 71 57 71
60 248 60 248
24 93 37 93
4 46 60 46
13 152 42 152
353 50 128
30 39 47 39
42 4 110 4
321 6 321 6
1 23 34 23
52 26 344 26
80 32 168 32
61 5 318 5
133 10 244 10
81 14 227 14
17 17 75 17
199 12 220 12
73 3 167 3
105 39 109 39
124 6 212 6
262 26 270 26
17 31 246 31
166 8 202 8
161 28 233 28
168 21 191 21
112 9 312 9
37 4 199 4
79 13 288 13
84 43 177 43
45 24 227 24
295 13 317 13
41 31 95 31
133 30 225 30
194 27 198 27
52 3 338 3
11 3 92 3
68 7 259 7
249 4 314 4
133 12 309 12
21 19 325 19
49 6 308 6
323 3 330 3
96 7 197 7
45 14 178 14
131 19 336 19
34 11 227 11
153 0 263 0
12 21 149 21
34 10 173 10
3 0 108 0
298 6 351 6
11 45 311 45
168 5 290 5
113 30 125 30
163 3 261 3
55 0 334 0
170 17 269 17
101 38 315 38
111 13 228 13
204 41 299 41
101 34 342 34
163 0 203 0
90 17 340 17
83 45 94 45
15 17 206 17
5 7 295 7
62 3 233 3
34 43 36 43
228 0 306 0
69 2 307 2
210 4 320 4
161 5 164 5
42 27 264 27
128 25 222 25
159 21 202 21
169 3 347 3
24 6 160 6
45 0 227 0
167 14 347 14
112 11 197 11
100 29 228 29
202 41 208 41
0 35 261 35
126 2 150 2
128 3 144 3
63 13 100 13
139 6 163 6
152 12 194 12
70 11 270 11
139 8 142 8
222 30 263 30
247 36 313 36
117 11 198 11
5 1 225 1
111 13 128 13
104 21 311 21
11 9 319 9
70 14 231 14
100 18 337 18
67 18 298 18
299 12 344 12
23 22 67 22
252 2 339 2
28 10 107 10
210 5 236 5
44 15 230 15
51 21 131 21
30 7 100 7
110 37 322 37
238 29 239 29
203 43 290 43
18 30 288 30
96 6 254 6
2 22 259 22
158 13 236 13
20 43 277 43
259 2 265 2
195 43 254 43
3 20 348 20
40 38 73 38
182 2 221 2
114 20 136 20
149 10 209 10
257 8 332 8
221 37 262 37
209 6 337 6
167 25 205 25
121 18 176 18
66 4 113 4
70 27 106 27
135 40 241 40
251 41 264 41
300 11 307 11
153 10 206 10
755 449 92
57 241 582 241
83 15 127 15
61 274 656 274
252 56 555 56
19 54 114 54
253 55 646 55
250 66 722 66
193 3 713 3
50 101 645 101
48 339 414 339
89 48 145 48
297 49 324 49
292 259 633 259
557 329 613 329
228 11 447 11
129 242 573 242
487 204 738 204
451 115 719 115
179 98 575 98
34 145 350 145
279 245 281 245
131 26 433 26
393 102 412 102
11 15 256 15
86 187 529 187
217 418 459 418
609 225 747 225
92 97 244 97
304 1 541 1
123 143 204 143
97 28 709 28
410 119 422 119
35 138 115 138
343 138 394 138
301 25 700 25
209 122 563 122
459 49 514 49
372 42 543 42
246 9 310 9
517 279 558 279
156 2 346 2
339 159 493 159
117 93 168 93
168 224 729 224
189 44 537 44
565 69 670 69
418 184 724 184
640 254 733 254
139 130 285 130
106 118 303 118
397 271 512 271
12 177 295 177
97 46 493 46
456 31 655 31
4 330 687 330
307 69 539 69
602 263 697 263
310 72 627 72
554 44 718 44
30 9 682 9
418 60 614 60
588 197 589 197
484 219 634 219
115 116 641 116
473 67 518 67
677 84 698 84
507 129 592 129
3 398 702 398
25 86 445 86
379 27 495 27
144 205 224 205
222 206 408 206
1 122 542 122
43 12 223 12
137 102 256 102
197 126 605 126
14 211 264 211
336 113 598 113
730 29 740 29
26 116 203 116
40 117 726 117
687 127 752 127
121 152 496 152
239 71 275 71
85 74 450 74
359 381 492 381
446 198 545 198
132 189 246 189
46 177 243 177
626 36 719 36
211 96 695 96
413 214 648 214
888 96 428
167 26 188 26
295 67 619 67
587 31 719 31
293 8 548 8
226 5 811 5
43 12 574 12
215 18 842 18
53 68 792 68
86 28 265 28
463 37 616 37
556 24 866 24
172 7 615 7
605 30 718 30
383 21 444 21
117 45 492 45
609 17 626 17
373 15 495 15
293 57 520 57
673 19 861 19
342 53 378 53
352 75 852 75
682 4 789 4
176 50 429 50
21 48 546 48
62 52 237 52
691 30 812 30
468 11 865 11
555 10 555 10
82 57 199 57
401 0 423 0
481 20 617 20
276 14 588 14
613 33 763 33
446 33 879 33
36 2 247 2
52 15 537 15
349 11 610 11
353 6 707 6
49 58 300 58
259 76 329 76
446 9 874 9
510 0 522 0
66 66 787 66
745 4 866 4
221 80 272 80
0 51 686 51
264 65 596 65
405 21 870 21
475 7 840 7
431 17 460 17
224 5 748 5
185 4 404 4
634 17 768 17
140 60 588 60
426 32 558 32
445 56 807 56
75 26 451 26
116 70 234 70
699 36 879 36
184 20 646 20
10 8 434 8
49 67 171 67
134 57 491 57
412 55 421 55
185 8 602 8
504 62 513 62
274 32 499 32
33 36 817 36
356 13 642 13
96 31 257 31
262 67 445 67
378 38 741 38
458 3 459 3
178 3 418 3
16 18 333 18
82 6 382 6
60 8 442 8
558 36 699 36
352 5 711 5
338 10 740 10
480 33 790 33
497 27 621 27
68 42 553 42
41 43 785 43
398 5 690 5
397 66 610 66
177 36 384 36
33 20 526 20
154 2 358 2
381 11 389 11
262 9 401 9
115 10 394 10
256 64 878 64
156 51 218 51
519 36 712 36
387 10 776 10
283 49 406 49
53 19 830 19
618 31 845 31
94 25 641 25
587 13 628 13
80 24 458 24
396 13 751 13
39 10 250 10
604 57 813 57
345 6 580 6
314 36 478 36
146 13 677 13
266 17 341 17
233 21 355 21
130 50 496 50
76 24 496 24
223 14 553 14
86 29 393 29
163 21 880 21
692 68 746 68
158 17 574 17
160 17 237 17
619 32 755 32
145 12 336 12
258 3 545 3
79 43 743 43
805 15 824 15
3 52 349 52
381 5 507 5
227 14 414 14
638 49 719 49
373 39 842 39
3 19 89 19
459 2 739 2
258 7 535 7
632 34 722 34
724 7 771 7
301 5 757 5
443 4 606 4
595 28 664 28
275 35 732 35
853 23 887 23
46 20 308 20
681 17 778 17
188 44 822 44
473 26 567 26
155 41 174 41
669 50 855 50
702 11 865 11
33 17 107 17
120 33 498 33
39 25 138 25
309 2 658 2
389 11 564 11
52 36 581 36
398 80 754 80
451 68 452 68
434 17 457 17
98 19 816 19
140 17 536 17
253 18 861 18
534 1 839 1
257 19 296 19
132 86 796 86
283 0 782 0
135 63 144 63
130 27 865 27
429 30 876 30
36 26 327 26
219 36 522 36
372 18 704 18
303 15 729 15
188 3 191 3
386 34 520 34
186 13 228 13
240 25 395 25
217 46 555 46
454 3 467 3
278 11 547 11
111 3 455 3
622 62 654 62
0 64 93 64
63 52 245 52
101 0 580 0
647 26 684 26
257 2 789 2
367 20 613 20
239 6 516 6
280 66 580 66
197 41 562 41
300 11 613 11
195 16 640 16
397 26 399 26
284 60 407 60
837 1 853 1
709 81 867 81
265 20 291 20
122 58 149 58
693 7 694 7
22 49 595 49
290 10 451 10
15 1 353 1
70 37 584 37
22 45 595 45
44 66 805 66
437 46 775 46
196 66 245 66
739 0 741 0
555 18 647 18
449 56 550 56
127 75 654 75
278 51 304 51
262 6 599 6
284 19 618 19
157 73 248 73
90 21 416 21
327 7 349 7
160 15 391 15
714 8 850 8
299 18 708 18
513 49 718 49
476 26 870 26
47 62 747 62
390 41 435 41
304 1 554 1
680 56 811 56
349 10 887 10
124 24 734 24
426 0 506 0
270 0 752 0
63 34 822 34
267 16 598 16
426 22 779 22
59 59 643 59
70 40 77 40
664 74 756 74
321 3 773 3
79 33 80 33
383 3 509 3
92 2 205 2
14 6 829 6
448 73 836 73
89 49 439 49
39 19 668 19
183 32 289 32
382 35 390 35
511 13 727 13
420 27 632 27
553 41 766 41
115 10 247 10
445 52 670 52
17 26 601 26
551 5 867 5
72 17 561 17
20 14 342 14
268 12 827 12
213 63 483 63
19 42 77 42
614 9 754 9
78 18 747 18
72 25 440 25
312 1 522 1
167 21 641 21
680 9 878 9
288 18 685 18
4 4 74 4
213 1 512 1
587 38 858 38
255 11 635 11
508 11 857 11
0 38 449 38
72 1 179 1
347 49 743 49
772 42 861 42
275 29 579 29
187 2 672 2
43 35 242 35
86 15 620 15
77 1 645 1
18 46 31 46
614 5 807 5
325 80 700 80
278 31 378 31
224 38 558 38
89 55 766 55
758 18 776 18
183 79 288 79
201 81 701 81
34 60 174 60
120 30 228 30
280 26 534 26
176 16 220 16
49 2 875 2
514 39 597 39
363 37 812 37
100 65 506 65
69 45 396 45
296 1 581 1
39 72 739 72
397 43 688 43
159 2 853 2
470 17 663 17
118 27 586 27
36 27 101 27
295 54 457 54
338 14 377 14
322 8 775 8
283 1 466 1
27 2 774 2
515 59 797 59
102 19 522 19
244 16 743 16
71 51 337 51
81 9 346 9
24 4 473 4
235 35 717 35
85 32 725 32
652 58 670 58
126 69 501 69
398 25 536 25
501 24 765 24
525 30 793 30
362 2 579 2
29 0 822 0
322 11 761 11
0 33 117 33
329 21 410 21
148 29 855 29
533 25 804 25
656 9 871 9
550 11 864 11
756 21 863 21
607 21 763 21
185 11 403 11
87 16 872 16
525 62 850 62
260 66 424 66
197 41 712 41
644 0 798 0
358 54 448 54
109 27 184 27
212 30 616 30
252 31 416 31
361 1 547 1
163 17 659 17
586 17 781 17
71 69 821 69
185 25 653 25
172 42 270 42
664 25 783 25
179 27 212 27
141 12 286 12
46 24 396 24
191 24 523 24
197 22 445 22
360 27 796 27
581 4 765 4
41 29 159 29
228 90 416 90
77 26 95 26
676 47 877 47
375 5 867 5
548 24 559 24
243 37 248 37
667 49 795 49
177 53 389 53
117 37 578 37
136 80 457 80
732 30 738 30
502 19 731 19
256 21 456 21
54 43 308 43
36 18 404 18
447 65 628 65
173 67 699 67
367 84 794 84
292 11 577 11
535 23 631 23
16 55 468 55
115 14 864 14
135 43 577 43
177 84 228 84
431 9 771 9
247 4 537 4
226 33 780 33
522 54 769 54
331 41 879 41
205 79 463 79
59 79 82 79
136 14 329 14
304 64 816 64
775 41 819 41
91 5 283 5
451 20 516 20
365 67 836 67
147 33 186 33
89 56 544 56
251 50 307 50
459 11 787 11
4 22 668 22
85 41 318 41
172 17 271 17
86 19 324 19
476 5 859 5
29 5 174 5
213 42 583 42
373 49 556 49
9 53 775 53
190 46 577 46
8 45 800 45
784 38 851 38
432 30 609 30
491 87 640 87
88 30 277 30
350 21 589 21
244 45 546 45
787 40 797 40
161 21 805 21
106 20 290 20
555 3 752 3
258 2 449 2
207 55 575 55
593 69 771 69
611 32 875 32
53 46 278 46
609 70 786 70
150 14 443 14
126 54 372 54
623 54 835 54
269 34 844 34
420 7 559 7
514 10 764 10
54 376 655
5 171 37 171
10 46 39 46
26 136 47 136
37 126 43 126
16 71 36 71
38 217 48 217
46 207 49 207
6 25 23 25
29 125 38 125
13 273 50 273
5 185 19 185
1 110 18 110
9 321 14 321
6 127 14 127
4 17 23 17
8 31 12 31
2 78 39 78
49 93 51 93
24 128 46 128
0 73 32 73
8 44 35 44
9 142 39 142
33 53 35 53
40 181 43 181
19 235 36 235
25 309 52 309
7 327 15 327
15 169 43 169
7 166 45 166
44 128 53 128
27 348 31 348
2 59 35 59
0 147 26 147
8 208 11 208
20 119 36 119
0 105 20 105
0 365 11 365
5 25 22 25
25 240 48 240
18 172 49 172
3 209 40 209
26 237 47 237
44 258 50 258
4 33 16 33
8 260 16 260
20 208 50 208
4 56 12 56
6 11 53 11
11 194 21 194
9 66 30 66
22 162 39 162
28 123 42 123
9 86 43 86
12 46 21 46
32 9 39 9
41 18 53 18
30 106 50 106
12 47 14 47
17 129 35 129
4 23 10 23
21 226 24 226
17 45 38 45
25 3 46 3
10 122 10 122
22 106 48 106
42 269 47 269
10 268 24 268
4 87 16 87
0 122 15 122
13 168 47 168
16 354 35 354
25 193 32 193
31 319 44 319
40 20 51 20
44 68 49 68
24 296 50 296
5 32 42 32
36 173 40 173
19 55 45 55
24 40 37 40
12 23 53 23
8 196 28 196
3 309 53 309
22 56 36 56
30 15 37 15
8 95 35 95
17 45 53 45
3 67 13 67
6 69 13 69
5 30 15 30
15 35 41 35
7 129 25 129
16 50 26 50
6 187 23 187
6 234 40 234
19 65 41 65
22 280 45 280
16 213 37 213
26 214 33 214
2 84 46 84
0 8 31 8
43 44 47 44
19 84 33 84
38 173 41 173
20 163 25 163
7 43 24 43
22 102 50 102
9 172 22 172
20 101 32 101
32 320 47 320
13 71 34 71
47 78 47 78
42 74 50 74
37 101 48 101
21 24 52 24
18 92 18 92
5 55 13 55
12 83 34 83
48 221 50 221
3 285 51 285
37 168 52 168
12 207 53 207
19 296 40 296
20 53 26 53
8 205 11 205
18 186 22 186
23 99 36 99
36 181 50 181
40 286 43 286
2 82 28 82
24 139 38 139
8 14 35 14
28 13 39 13
9 130 34 130
21 250 45 250
10 13 28 13
27 54 50 54
14 7 49 7
34 63 41 63
25 157 41 157
12 192 46 192
27 97 32 97
21 9 25 9
28 149 48 149
9 14 44 14
1 114 12 114
35 73 36 73
12 198 27 198
2 175 21 175
46 209 47 209
12 78 42 78
14 105 22 105
20 100 25 100
24 274 30 274
47 72 52 72
38 82 44 82
23 26 30 26
33 5 37 5
48 146 49 146
0 8 47 8
14 84 46 84
23 60 50 60
23 149 53 149
20 125 25 125
40 57 53 57
12 69 41 69
21 69 53 69
25 69 52 69
1 57 28 57
14 39 52 39
46 195 50 195
28 30 41 30
15 38 48 38
11 163 34 163
12 59 51 59
17 60 26 60
13 98 23 98
20 339 31 339
14 265 18 265
1 5 23 5
4 196 9 196
34 121 44 121
25 114 32 114
3 36 20 36
38 14 42 14
1 286 39 286
41 200 50 200
0 129 33 129
21 81 37 81
8 234 15 234
6 102 10 102
7 42 34 42
7 2 38 2
42 181 46 181
2 105 22 105
21 32 34 32
10 48 15 48
21 118 52 118
16 63 49 63
32 178 47 178
17 45 34 45
6 295 42 295
6 23 42 23
29 307 47 307
18 132 20 132
3 151 17 151
30 125 30 125
2 44 15 44
3 59 37 59
13 155 41 155
35 32 53 32
2 294 12 294
15 120 33 120
25 166 51 166
14 274 37 274
4 151 25 151
30 145 52 145
14 123 48 123
7 65 38 65
2 115 23 115
44 274 48 274
2 52 30 52
0 64 15 64
23 114 27 114
22 31 27 31
8 221 15 221
2 50 42 50
11 79 41 79
4 97 26 97
34 190 46 190
3 122 38 122
25 51 26 51
14 256 19 256
0 92 41 92
35 132 49 132
6 21 23 21
37 179 40 179
1 200 51 200
2 25 8 25
6 71 8 71
22 109 42 109
21 248 37 248
3 217 38 217
4 95 20 95
20 132 28 132
1 35 50 35
30 91 48 91
0 85 22 85
42 6 51 6
29 32 42 32
15 77 35 77
12 254 38 254
24 22 33 22
7 73 53 73
29 173 50 173
34 117 34 117
4 101 49 101
5 133 27 133
2 247 26 247
4 31 26 31
7 277 32 277
50 299 52 299
3 121 38 121
22 52 41 52
2 294 11 294
5 225 17 225
10 332 44 332
5 108 49 108
41 134 53 134
21 114 39 114
4 17 30 17
23 86 25 86
6 47 34 47
13 128 44 128
10 165 37 165
1 239 29 239
5 4 41 4
11 38 45 38
16 99 29 99
3 197 10 197
10 26 47 26
8 21 29 21
17 67 52 67
18 65 49 65
7 127 24 127
14 4 45 4
11 88 50 88
34 195 40 195
45 118 49 118
13 309 50 309
17 99 30 99
42 307 48 307
19 48 49 48
45 150 47 150
18 45 33 45
3 63 28 63
31 6 34 6
0 38 18 38
6 119 18 119
33 14 35 14
18 94 24 94
18 235 44 235
12 137 39 137
10 3 42 3
13 237 43 237
21 15 53 15
5 170 37 170
9 138 14 138
27 83 31 83
5 115 18 115
45 162 48 162
32 14 48 14
10 109 36 109
30 161 44 161
21 70 27 70
48 3 52 3
42 109 44 109
13 91 25 91
17 179 28 179
23 13 29 13
5 66 48 66
28 215 47 215
11 47 23 47
5 29 43 29
12 28 53 28
45 132 47 132
4 20 5 20
23 181 37 181
7 190 9 190
26 265 47 265
1 152 5 152
53 127 53 127
7 52 53 52
0 159 50 159
11 69 18 69
10 24 35 24
25 25 37 25
19 158 50 158
8 26 42 26
29 220 50 220
33 38 50 38
0 231 42 231
10 35 40 35
8 39 11 39
8 88 33 88
35 28 40 28
38 149 49 149
5 74 11 74
4 202 18 202
17 6 31 6
8 194 34 194
15 2 27 2
8 14 18 14
17 239 31 239
31 348 45 348
34 31 50 31
13 240 47 240
3 112 11 112
35 235 42 235
6 178 29 178
5 258 45 258
5 362 40 362
8 218 10 218
23 7 29 7
28 170 35 170
9 17 27 17
30 30 33 30
23 71 32 71
38 114 46 114
10 72 36 72
20 283 53 283
2 15 3 15
8 87 29 87
24 220 52 220
22 299 53 299
1 78 16 78
24 246 52 246
2 156 4 156
31 240 44 240
11 138 11 138
25 74 41 74
12 175 32 175
33 35 48 35
5 33 11 33
5 49 27 49
26 269 30 269
31 319 46 319
15 54 21 54
14 228 39 228
25 31 50 31
16 150 47 150
15 143 40 143
4 122 44 122
47 137 51 137
2 22 20 22
32 311 51 311
13 114 28 114
1 73 51 73
0 172 23 172
4 41 15 41
22 187 42 187
16 246 48 246
13 148 46 148
17 111 20 111
7 23 39 23
20 212 35 212
10 25 22 25
22 68 25 68
19 181 53 181
31 67 32 67
23 157 27 157
18 295 48 295
5 171 21 171
8 19 37 19
23 230 40 230
30 63 46 63
24 41 40 41
3 187 38 187
9 100 10 100
10 203 40 203
32 45 36 45
12 108 50 108
6 107 49 107
8 108 46 108
12 137 27 137
34 261 51 261
8 240 13 240
1 91 25 91
33 305 43 305
28 79 36 79
16 272 50 272
19 170 33 170
20 75 50 75
2 120 24 120
4 88 52 88
17 316 48 316
26 151 39 151
14 212 17 212
4 280 12 280
14 57 14 57
30 102 48 102
2 198 29 198
3 195 10 195
1 320 24 320
12 292 39 292
25 189 28 189
25 201 48 201
30 2 51 2
5 43 34 43
6 4 16 4
6 13 29 13
32 47 48 47
5 139 36 139
37 285 48 285
36 31 53 31
18 116 32 116
7 175 13 175
8 293 33 293
17 210 26 210
7 12 27 12
7 17 9 17
49 13 53 13
1 27 3 27
16 165 34 165
15 47 35 47
1 135 17 135
10 251 15 251
25 61 52 61
24 121 50 121
31 76 31 76
32 118 52 118
47 128 49 128
3 236 37 236
10 29 11 29
12 152 51 152
17 104 51 104
19 31 33 31
4 168 41 168
8 18 45 18
8 137 12 137
29 195 52 195
8 31 46 31
22 70 44 70
3 7 30 7
51 86 52 86
35 151 37 151
23 60 36 60
42 1 48 1
39 103 42 103
15 64 27 64
0 9 15 9
17 206 28 206
3 238 44 238
5 22 32 22
35 149 40 149
23 31 30 31
2 281 32 281
17 221 31 221
38 66 40 66
0 208 29 208
34 53 48 53
4 84 35 84
7 82 45 82
22 112 36 112
34 30 51 30
6 345 19 345
10 262 15 262
28 29 50 29
39 164 53 164
6 113 52 113
27 325 49 325
4 260 23 260
13 30 36 30
21 101 51 101
25 155 43 155
31 40 43 40
43 252 52 252
9 125 46 125
12 49 33 49
38 87 49 87
11 265 18 265
10 117 39 117
32 92 34 92
9 0 19 0
10 75 27 75
1 44 45 44
19 72 23 72
11 128 23 128
37 16 45 16
10 92 30 92
11 46 18 46
41 320 45 320
9 82 32 82
34 30 40 30
26 23 45 23
29 72 33 72
27 231 27 231
28 171 43 171
43 338 51 338
30 173 46 173
17 46 36 46
5 311 9 311
29 28 30 28
3 86 47 86
40 118 41 118
29 191 39 191
8 36 14 36
18 103 37 103
0 35 14 35
17 76 52 76
16 103 40 103
31 31 50 31
12 251 31 251
22 117 41 117
15 189 49 189
33 30 44 30
11 275 27 275
33 155 52 155
31 71 46 71
27 219 50 219
13 26 19 26
1 345 36 345
49 40 50 40
8 73 26 73
38 33 43 33
0 110 14 110
17 36 21 36
1 148 46 148
33 277 52 277
27 74 48 74
26 6 46 6
49 179 51 179
47 4 48 4
3 15 43 15
13 28 46 28
5 186 11 186
22 146 32 146
2 198 35 198
7 120 49 120
5 29 21 29
19 112 26 112
5 122 22 122
14 195 42 195
10 184 44 184
44 125 47 125
12 275 21 275
15 206 49 206
47 62 48 62
34 37 35 37
14 266 33 266
27 317 36 317
12 15 25 15
32 160 40 160
3 110 21 110
6 133 31 133
19 161 27 161
23 11 35 11
1 44 25 44
1 114 39 114
8 230 18 230
20 25 25 25
27 172 53 172
32 316 45 316
33 129 42 129
2 32 29 32
15 178 24 178
13 181 48 181
29 188 46 188
13 36 43 36
8 67 12 67
5 280 41 280
3 183 12 183
19 140 30 140
7 208 42 208
9 289 17 289
13 88 29 88
8 58 51 58
17 48 32 48
15 83 38 83
27 31 46 31
11 304 26 304
34 150 44 150
1 151 7 151
31 148 49 148
3 102 18 102
20 64 33 64
0 60 47 60
24 140 40 140
20 31 42 31
15 138 22 138
2 67 9 67
27 46 35 46
28 25 44 25
11 42 33 42
15 243 41 243
4 296 52 296
3 74 24 74
19 187 50 187
0 147 34 147
25 23 36 23
0 186 31 186
21 162 25 162
37 99 45 99
2 177 36 177
7 21 38 21
3 34 42 34
9 131 47 131
12 100 15 100
12 282 40 282
5 94 24 94
43 125 51 125
2 2 4 2
21 37 42 37
15 37 34 37
36 32 40 32
228 927 16
110 262 167 262
151 499 151 499
77 23 93 23
25 36 30 36
49 190 55 190
115 794 160 794
33 180 210 180
8 4 215 4
161 148 181 148
62 755 150 755
97 365 125 365
10 154 191 154
165 631 226 631
32 414 95 414
154 12 200 12
22 326 85 326
