49
41 48 12 30 16 32 16 45 39 40 12 47 20 9 49 3 43 15 34 47 23 45 19 37 28 14 23 25 40 14 8 36 7 15 44 11 20 4 3 30 47 42 28 4 36 27 6 14 16
49
43 48 48 24 10 4 31 1 30 50 6 25 28 47 16 31 48 17 50 37 43 36 39 33 33 14 7 41 9 43 32 7 26 38 17 8 44 26 32 2 16 20 21 14 38 3 26 21 40
49
49 12 35 39 7 33 31 31 44 10 16 11 38 29 33 40 42 30 23 13 22 9 38 23 2 23 46 49 19 45 7 17 46 27 25 39 28 14 28 46 11 42 48 43 49 34 39 50 24
49
38 4 50 48 32 3 23 5 17 30 23 34 13 18 4 33 37 32 32 8 7 45 26 28 21 28 35 31 4 43 20 49 9 50 15 15 4 11 48 6 21 6 24 26 47 20 3 42 35
49
37 38 5 45 31 49 36 23 40 15 8 29 9 29 49 22 20 29 6 47 45 12 44 24 36 39 46 49 44 7 46 44 42 29 14 3 30 37 28 10 31 43 25 21 8 11 40 21 11
49
6 13 40 41 30 11 31 19 2 24 39 30 12 9 30 1 35 15 38 43 22 10 17 4 30 6 18 48 2 44 25 34 31 40 36 47 21 38 33 28 36 37 10 34 1 14 16 33 38
49
48 11 17 30 15 6 15 8 43 22 41 46 17 45 32 49 20 29 11 16 30 34 1 32 27 2 4 19 8 3 5 23 25 25 9 29 19 38 13 4 50 9 37 29 29 16 23 49 2
49
39 33 11 44 29 46 1 31 43 37 40 2 6 29 13 41 46 5 23 3 13 35 26 19 35 22 50 11 4 37 18 23 5 12 50 9 21 31 13 21 3 47 39 29 33 5 2 23 27
49
16 16 9 24 44 43 41 21 37 33 47 33 18 26 29 37 25 33 24 15 32 15 24 35 44 34 45 42 44 2 27 30 41 33 37 18 9 4 41 42 27 38 15 1 16 42 22 6 18
49
14 17 10 39 12 1 16 10 36 28 31 18 20 7 7 50 42 34 38 46 34 21 21 15 44 35 21 46 48 4 33 30 7 3 18 35 47 8 18 48 1 19 44 12 3 39 16 50 12
49
48 48 20 8 39 33 22 47 32 4 18 3 6 19 6 3 29 41 14 27 6 18 13 10 10 20 27 13 46 49 39 15 10 7 4 28 46 33 36 2 45 46 13 50 8 36 15 46 7
49
14 6 6 50 50 46 41 22 45 1 28 38 9 16 11 20 33 47 4 23 10 34 33 44 36 1 18 10 43 5 13 32 10 39 12 34 15 30 10 11 46 48 12 7 15 11 3 2 40
49
26 45 26 20 44 32 35 30 20 9 35 39 15 40 29 5 16 35 18 25 34 17 33 35 25 16 21 10 12 47 23 13 50 24 14 47 10 13 7 18 14 19 4 10 1 47 12 43 26
49
25 41 5 39 27 17 31 18 19 14 10 23 14 6 10 49 26 21 3 48 39 50 2 26 32 42 34 46 11 17 6 36 41 34 34 24 44 38 26 26 21 43 31 46 24 11 45 37 38
49
44 8 22 42 36 24 4 34 3 13 20 1 8 4 11 21 43 3 14 35 4 46 15 28 50 9 31 12 2 21 50 16 11 24 36 31 6 15 50 15 50 46 30 39 31 41 37 7 4
49
32 11 28 26 5 15 49 17 49 35 21 27 11 4 11 12 41 16 37 15 14 18 47 34 19 4 31 41 3 29 49 44 48 20 13 21 18 23 6 34 1 7 9 42 30 6 10 48 16
49
9 13 32 23 19 37 28 26 11 10 50 30 19 41 35 2 44 24 22 2 8 21 5 9 22 39 10 43 45 10 12 32 31 38 3 3 21 11 37 22 28 41 41 22 28 2 4 21 32
49
37 12 12 1 41 35 4 15 37 20 41 42 3 16 33 42 8 22 23 39 21 14 47 39 15 13 6 29 17 50 47 21 35 12 5 30 34 33 28 48 15 26 24 49 2 17 39 31 18
49
22 4 17 4 37 30 32 18 23 44 8 28 16 15 12 34 30 49 5 20 32 24 30 28 40 37 36 29 24 30 7 41 30 20 26 46 24 16 32 20 37 49 6 14 43 11 41 28 33
49
38 39 42 19 37 8 13 49 1 7 30 2 11 39 30 38 31 15 26 42 20 19 32 26 21 47 35 29 12 2 19 37 11 34 39 3 5 34 38 1 6 9 39 47 48 19 40 21 50
