0 19938
00 78664
000 38784
0000 19060
000000 4650
00000000000000110 1
00000000110011100 3
0000000011011 45
00000001011011 14
000000011 547
00000001111000010001 1
000000100 583
00000010011 162
0000001010000110 8
0000001010001111011 1
00000011 1128
000000111011001 4
000001 4655
000001000011110111 2
000001010 554
000001010000000 9
0000010101 269
00000110 1157
00000110010 133
00001 9562
000010 4807
0000101 2409
00001010010000010 5
00001010111 138
000010110010 97
0000101110000 38
0000110 2304
00001100 1103
00001100001110 18
0000110001 264
0000110110010 39
0000110111100101 3
0000111 2354
000011110000001 6
000011110100001011011101 2
000011111 561
0001 19463
00010 9747
000100000001 58
000100011000101 9
0001000111 320
00010001111001100 5
0001001000100 35
00010010001010001 3
000100101011000110010 1
000100110 610
0001001110 298
000101 4936
00010100 1206
000101001 573
000101001100011100 2
0001010011010101 3
0001010011111110 5
00010101000 144
000101010100100 5
00010101011100100 1
000101011100000 5
0001011000011 38
000101101100001 8
00010110110010001101000 1
000101101101000010 2
0001011011111 32
00010110111111010000 2
000101111 607
000110 4689
00011000 1078
0001100000 252
000110000111110 12
0001100100101 33
00011001011 148
000110100 593
00011010001 165
0001101010100010 7
00011010110001 9
000111 4810
0001110 2433
000111000110 59
00011101 1155
0001110101000 31
000111010101 68
0001110111001001 5
0001111 2340
0001111000111000 1
000111101100100001 1
000111101111111 8
00011111 1150
00011111100 133
001 39342
0010 19567
00100 9606
00100000000 141
0010000001101 32
00100001 1195
0010000110 254
00100001100 121
00100001110110100 4
0010001 2336
00100010 1158
0010001010100100 3
00100010110011001 4
00100011 1161
001000111010100 5
0010010 2454
001001000 597
00100100100001000 1
00100101 1194
001001011100111011000 1
0010011 2339
00100110000000 14
0010011001 317
00100110011101111110001111 1
00100111100101 17
00100111101100000 1
001010001 606
0010101001000010 4
00101010011001 26
00101011 1169
001010110010 66
0010101111010011000 2
001010111111 72
00101100100110 29
00101101 1156
00101101000 129
001011101010 79
0010111010101 38
00101110101100 23
001011111011 66
00101111110110000 2
0011 19516
00110 9615
00110000011110111110 1
001100001111 81
00110000111101101010 1
00110001 1147
001100010 528
00110001010010110100 1
001100010111001 7
0011001 2423
001100100001001 6
0011001011 287
0011001011001100 4
00110011 1213
00110011000001111001 1
001100110000111 3
00110011010 159
00110011111100 11
001101 4820
0011010 2427
001101010 594
00110110010110111 1
0011011011 297
00110110110 121
0011011011101101000 1
001101110 575
00111 9739
001110000 606
0011100001100000111 1
00111000100010 21
001110001111011000 3
00111001000101 21
00111001010 150
001110011100000 12
00111010010011001 1
001110110 582
0011101101100110 5
001110111001 65
0011101111111 43
001111 4683
00111100 1170
0011110010011 39
00111100111 144
0011110100 306
001111010010010 5
0011110111011010 5
0011111001 231
001111111 578
0011111111101 35
01 79637
010 39538
0100 19567
01000 9747
0100000 2338
010000000 580
01000000110010 16
01000001 1112
01000001101010001 2
0100001 2441
010000101100110 7
010000110111000 10
0100001111 291
01000011111101 22
010001 4871
01000100 1158
010001001 591
010001001111101101 1
01000110 1141
010001100110 84
01000110101101110 3
0100011100100 44
01000111010110 30
01000111101 140
01001 9690
0100100000000110011 1
0100100000001010 3
01001000100111010011 1
010010001010 80
010010001010010 9
0100100011 278
0100100100010111011 1
01001010001 120
0100101000111001 3
0100101010101011 7
0100101110 262
0100110 2406
01001100000 133
01001100011010 18
010011001 620
0100110010001 39
01001100110011011 1
010011010 608
0100110100 335
01001101101101 17
0100111 2355
01001110001 184
0100111001010 37
01001111111010101 2
0101 19664
0101000 2386
010100000 554
010100000111000 8
010100011 569
010100011110 67
01010001111001101000011101010 1
0101001 2401
0101001000101 39
01010011000110110001 1
010100110010010100 1
010101000 581
01010100000000100 2
0101010001 315
010101010 630
010101010001100 15
010101011 607
010101100 594
01010110011001110 2
0101011001111110 8
01010110100 115
010101110 554
010101111011011 9
0101011111101 39
01011 9765
010110 4856
010110000 588
010110000000000000 3
010110000001001 12
010110001000 74
010110010 608
0101100110 299
0101101 2383
01011010001101000 2
01011010010 137
01011011 1195
010110110001101011 2
01011011001 147
01011011011010011111101 1
01011011111001 14
010111000001101100000 1
010111000110001001 1
010111000111001100 1
01011110 1221
0101111000 310
010111100111010 9
010111110011000000 1
01011111111 181
011 39548
0110 19582
01100 9615
0110000000110001 3
01100000101000 13
01100000111 147
0110001001010001 2
01100010111001 22
0110001110101100 2
011001 4862
0110010 2406
01100100 1208
011001001 592
011001100 601
011001100000000 8
01100110111111110 2
0110011111 246
01101 9793
011010 4856
0110100001001 36
011010001 626
0110100100000 33
01101001000001011 2
01101001111010110000 1
0110100111110011 3
0110101 2408
01101010000 156
01101010000001 18
0110101010001010001 2
011010111000111 5
01101100 1199
01101100000101 17
0110110001100 40
011011001111 64
011011010001110 6
0110111000011 29
01101111000111001 5
011011110111001 15
0111 19665
01110 9916
01110001 1231
011100010111 67
011100101010001101 1
0111001111110011 5
0111010011010011 8
011101001111110 13
011101010000 72
011101011111111000 1
0111011 2422
01110110 1172
011101100000000 12
01110110000000001 3
01110110010101011 2
01110110100 133
01110110110 158
01110111011101101 2
01111 9596
011110 4800
0111100 2359
0111100000000 31
0111100000100011001 1
01111000010011 19
0111100001111 41
0111100011101 36
0111100100 235
0111100101010100 6
01111001100010010101 1
011110100 622
01111010110 122
011111 4710
0111110 2256
0111110001010101 7
01111101110 145
01111101111111 21
011111100 564
01111110000101 14
01111110011000110 3
01111110100 139
01111111 1214
0111111100000011 4
01111111000101000 4
01111111111 141
01111111111011 19
1 20062
10 79637
100 39342
1000 19463
10000 9562
10000000000110100010100 1
1000000001111 33
100000001 546
100000010 618
1000000100 311
100000010110 93
1000000101110 40
100000010111011101 3
10000001110100011 4
10000010 1112
10000010101000100100 1
1000001011101 30
10000011 1148
100000110000111 12
100000110100010 11
1000001110000 32
100000111011100 10
1000001111 267
100001010010 76
1000011 2381
10000110000101110 3
10000111 1221
1000011101 308
10001 9770
100010 4871
1000100011010101 3
100010001110011111 2
1000100011110 44
100010010 600
1000100100101 36
100010010011100000 1
1000100101011110101 2
10001001111101001 3
10001010 1205
100010100010101 7
1000101001000 27
100010101100000110 1
100010110100111 6
1000101110100 33
100011 4828
1000110000100000 9
100011001 623
1000110010 299
100011001001010 6
100011001010101 9
100011001101011011 2
1000110011011 47
1000110110 305
1000110110010111 4
100011011100 65
1000111000 304
10001110011 159
1000111010 287
10001110110001100 2
100011110 585
1000111101111000 1
1000111110 300
1001 19606
10010 9690
100100 4824
100100000010110 9
100100011101101 6
10010010001101110 1
10010010101111 21
1001001100110 42
1001001101000001 8
10010011100111110 1
10010110 1161
10010110000111000100100 1
10010110001000 16
1001011011000111 1
10010111 1165
100101111110010001 1
10011 9781
1001100 2423
1001100010000100 2
1001101 2406
100110100001 77
100110100111 66
1001101011101 27
1001101101000111 5
100111 4851
10011100 1261
100111001110000101 2
1001110100010 31
10011111101011 25
1001111111011110 4
101 39636
1010 19664
10100 9793
101000 4936
10100000 1169
10100000101111001 2
101000001101001 9
101000010101 68
1010000111001 36
10100011 1218
1010001101001 29
1010001111010 40
1010010 2317
101001001 600
101001010 549
1010011 2417
10100110011 147
101001111001010111 3
10100111110001 16
1010011111110011001100 1
10101 9732
101010 4866
10101000 1167
10101000011011000 1
101010001 593
1010100100 302
101010010100001 10
1010101000000 42
101010100001000101 1
101010101 632
10101010101001110011001 1
101011 4797
101011000001100 5
10101100001011011 2
101011000111110 9
101011001011000001010 1
1010110011 301
10101100111000 21
101011010 599
10101101000110 16
1010111 2352
101011100101011001 1
101011111 576
1010111111 329
101011111101010 11
1011 19681
10110 9793
101100 4820
101100001 555
10110000100 131
10110000111101 14
1011000101 308
10110001111 123
101100101000010101 1
1011001011000 36
101100110011 63
10110011011110101110 1
10110011111011000111 1
101101 4878
1011010 2383
101101000 554
101101001010111000 1
1011010011 310
101101001101001100 1
1011010101010 27
10110101111000011 1
1011011 2464
101101100 613
10111 9749
10111000000011000 1
10111000000110 16
101110000101111 7
10111000101111000 1
101110001111000 6
1011100101011 33
10111001010111 18
101110011 628
10111011010101101 1
101110111 629
101110111010111001 1
101111000110011 15
1011110010110001 2
10111101 1204
10111101001110 18
101111101011101 3
11 79666
110 39548
1100 19516
11000 9593
110000 4703
1100000 2288
1100000001001101000 2
110000001111011001 3
11000001 1148
1100000111010111 8
1100001 2381
11000010 1224
1100001010 316
1100001111001110 10
110000111101 60
110001 4828
110001000 594
110001000000000 11
1100010001111001000 1
110001001001 57
1100011 2392
1100011001000000 4
11000110100010 14
110001101111 67
11000111 1181
1100011101001001 4
11000111110110 15
11000111110110111 5
11001 9781
110010 4794
1100100000010011010 2
1100100101 304
11001001101110 15
1100101101 310
1100101101100 46
110011 4924
1100110 2423
11001100 1213
1100110110101 37
11001101111 130
1100111 2466
11001110010110 13
1101 19681
110100000000001 16
110100001011 66
11010000111010001 6
1101000100100 38
110100011001 75
11010010100110 15
110100101110 66
1101001011111011 2
11010011001111 18
110100110110 62
110101 4797
1101010 2354
110101000011 85
110101001010101001 4
110101011000001 6
110101100001 62
1101011010001100 4
110101110 600
1101011110 258
1101011110011010101 3
1101011111100011 6
11011 9766
11011001 1168
1101100100010 39
11011001011110 18
11011001110110001 1
1101100111101111 3
1101101010101 39
11011011 1256
110110111 630
1101101111001 40
110111 4820
1101110010101111001 1
11011101 1218
11011101011011000 4
1101111 2364
111 39478
1110 19665
11100 9739
1110000 2354
11100000000100011 1
11100001000110011101 1
1110000100100 36
111000010100001111 2
1110001 2427
11100010011010 20
1110001010011 35
111000110 585
1110001100000 30
111000111010100 8
1110010000 276
111001000001 62
1110010011 262
111001011110 70
1110011 2466
11100110 1201
111001100 607
11100110110 148
11100110110001 15
11100110111101 13
11100111 1244
11100111001110 19
11101 9749
111010 4844
1110100 2453
111010000111010 11
111010010110 67
1110100101110 33
1110101010101 46
1110101011100 38
111010110000101001 2
11101011011 148
111011 4820
1110110 2378
1110110000 275
111011000111111 4
11101101001 143
111011010100001 8
111011011 630
11101101110 145
111011100 598
11101110011 169
11101110100110 14
11101110110101110 1
1110111110100100 5
111011111011 81
1111 19476
1111000101000100 4
1111000110011 46
11110010011 131
11110010111110 21
1111001110100100 3
1111001110111 42
1111001111 252
111101 4816
1111010010 299
111101001001100 14
111101001110 77
11110101 1171
1111010100111100011 1
11110110110 171
11110110110001 28
11110111 1158
11110111111000 9
11111 9696
111110 4710
111110000001111 13
111110001101 62
111110011110010 6
11111010110 149
1111101100101100 5
11111011110 141
11111011110000 14
111111 4888
1111110 2399
11111100010110110 3
1111110011 267
11111100110011111 4
111111011 587
1111110110011 26
1111111 2446
111111100001 68
11111110001001000100 1
111111100010111 10
11111110010111001 2
1111111101101 32
11111111101001000100001 1
111111111111101 7
---
