100
2 1
500 300
900
660
2 1
500 300
1500
809
2 2
50 100
450 449
1100 1101
2 1
500 300
300
500
1 8
10
11 13 17 11 16 14 12 18
1 8
565044
773018 869996 690185 936920 703629 959676 547365 950087
1 7
5
8005 7245 8355 8042 7353 8800 7283
2 5
2 7
746 600 1051 186 440
708 3642 2556 2100 1260
1 6
1
1 1 1 1 9 1
2 4
1 10
549 590 537 631
6710 6384 5697 6592
2 8
2 7
206 1440 1453 660 1082 749 407 1000
3500 6160 3997 2648 1439 5127 730 1890
1 8
10
8 7 4 5 3 1 6 2
1 2
7
8470 1468
1 5
406241
259446 779760 897021 638167 335499
2 7
1 10
9 8 5 5 5 5 5
50 47 50 53 80 50 110
1 7
4
9359 9600 10244 8640 10486 9600 8674
1 4
5
35 15 45 20
2 5
6 5
24 45 12 17 54
15 36 22 55 10
1 6
9
918 877 983 951 990 900
2 8
6 5
3840 3600 12420 10858 3079 7429 10800 12314
8822 11000 3000 3025 2717 12650 9478 6417
1 5
1
900 216 529 860 770
1 2
9
7454 8496
1 2
9
81 75
2 3
10 10
50 51 78
72 50 54
1 8
8
4423 4784 4584 4320 4320 4816 5239 4403
2 8
9 7
9 9 9 9 99 9 9 9
7 63 7 7 7 7 7 7
1 7
9
4500 4632 4950 4500 4179 4421 4568
2 8
1 1
1000000 999999 999998 999997 999996 999995 999994 999993
999992 999991 999990 999989 999988 999987 999986 999985
2 8
10 6
9 10 9 90 10 110 9 10
54 6 6 6 6 6 66 6
1 6
4
44 32 24 24 8 4
2 8
9 1
10835 8991 10281 9855 9895 9006 9439 9927
1194 1126 1029 1103 1095 1206 1221 1189
1 1
3
8134
1 1
8
11520
1 8
302564
997841 585123 820405 885179 958384 700600 525340 887302
1 5
521866
210432 937213 985962 984354 936942
2 7
3 3
26 15 20 33 3 6 3
3 25 6 15 21 3 27
1 1
7
770
1 1
6
54
2 5
10 4
3300 10833 9000 3626 24759
1718 1080 3600 4152 10111
2 1
3 8
6755
18798
2 3
3 5
305 895 600
1000 1464 512
1 3
1000000
900001 900000 899999
2 8
4 2
3067 1565 813 2000 2222 1320 3520 401
1440 1423 540 752 1000 1091 193 418
1 1
342381
621216
2 2
2 3
1289 1202
1953 2069
2 8
9 10
19440 24750 13377 11227 901 20700 13500 17882
23000 12503 20070 935 26400 15000 14782 22500
2 6
7 7
63 77 38 48 56 27
56 29 37 49 77 63
2 8
9 2
7484 6809 7944 6480 7218 7892 7862 6561
1662 1604 1612 1579 1782 1760 1685 1761
2 8
6 5
10560 9000 10276 9588 9085 9956 10422 8694
7245 7406 7990 8618 8855 8379 7200 8467
1 8
7
3500 3730 3641 3150 3500 3850 3385 3187
2 3
5 8
900 900 990
1490 1584 1760
2 5
1 2
5 8 8 9 3
17 16 9 6 22
2 8
2 2
3606 3607 3596 3258 3635 3294 3906 3240
3960 3810 3520 3702 3668 3606 3596 3982
2 6
10 6
951 4000 5071 2114 5871 3300
598 3261 1120 3572 2400 1620
2 4
10 5
4069 1877 3207 1000
1612 993 500 1909
1 8
8
5040 7701 10036 9578 11516 16800 2880 20483
2 3
3 7
1536 1650 1362
3150 3661 3224
1 8
10
7961 8000 7324 7468 7200 8548 8331 8716
2 5
6052 56847
990703 479234 887847 928204 999344
711326 994041 834105 816324 971567
2 3
3 5
2688 2817 2496
4498 4204 4480
2 8
5 7
40 27 5 10 33 5 31 55
46 63 37 7 56 49 14 7
2 8
5 4
1000 1051 998 944 1061 1100 981 1000
720 824 800 842 800 721 860 813
1 3
69198
676528 991091 613861
2 2
6 8
657 1080
869 1760
2 3
464473 636932
934378 931613 768870
481725 992915 990643
2 3
1 4
180 186 200
880 800 745
2 8
7 2
1982 5750 1400 3780 2597 4900 3785 630
775 609 1070 400 220 1320 1400 1649
2 5
5 6
5850 6191 6500 6852 6360
7984 7800 8580 7766 7243
1 8
3
1800 1414 990 2123 1182 300 636 2160
1 1
5
2736
2 8
217101 218296
960310 810795 665359 950729 413663 434938 985778 952125
385490 534629 800457 748290 975757 910731 329730 638909
2 8
87180 333275
747506 702077 879808 893294 344054 814781 385054 873474
985726 293464 626215 545427 802365 730925 471118 854504
2 6
8 5
880 805 749 761 748 800
524 464 490 500 466 450
1 5
235412
999864 821398 890597 877680 675724
2 6
3 8
9 18 14 27 24 3
8 88 24 59 48 38
2 4
3 5
629 1161 330 852
2111 1402 1074 450
2 8
10 3
6730 1957 2700 1018 4940 4000 6417 8800
2014 309 575 1200 1438 2160 990 1931
2 5
4 4
10120 3377 433 4000 8604
399 8280 8142 3516 4000
2 1
4 1
431
106
1 3
2
4 4 18
2 1
274072 609345
684605
372065
1 4
9
900 9900 12139 6291
1 7
5
7370 6750 7837 7649 7475 7500 6827
2 8
6 4
599 600 600 648 540 660 655 552
360 400 437 400 385 402 440 381
2 3
7 10
7 7 7
10 10 10
2 7
7 7
9161 9395 10656 8862 10857 9821 9807
9275 10267 9807 9567 9821 8883 9259
1 7
3
4491 4642 4950 4623 4491 4100 4563
2 7
294270 54953
565096 940864 982780 846889 945000 748749 995395
760123 940628 859501 970028 529896 885402 659772
1 2
4
7114 7064
2 5
2 5
2340 3000 3790 1084 1126
2691 7500 7150 2929 8935
1 1
8
8
2 8
424099 80991
660494 818055 913561 770610 943962 740736 516059 896478
915854 989885 991731 823288 984477 994885 831046 619307
2 6
3 5
4106 4191 4191 4653 3917 4402
6975 7398 6985 6953 6985 6345
2 8
574186 624064
997372 470632 903867 624706 813025 223748 607385 739050
768064 368634 979912 962800 361349 436449 321898 200860
2 1
1 5
220
900
2 8
10 8
990 955 1055 1000 900 900 1000 990
784 879 849 800 742 800 880 880
2 5
156895 362270
846361 771331 805748 626113 971070
839480 875835 634683 385910 926690
2 8
7 2
38 60 56 35 35 7 35 63
10 15 11 16 22 10 10 2
2 8
8 2
44 72 61 64 60 40 56 55
16 11 14 16 22 14 10 14
2 4
7 5
1341 741 2668 1890
1924 505 1650 930
