1000
71 87 7
0 55 55
68 55 29
38 18 100
3 89 85
33 60 68
80 5 56
79 48 79
67 56 15
61 63 52
86 82 81
80 33 25
77 41 62
93 81 97
45 39 23
37 2 41
98 23 27
77 91 2
5 42 25
41 58 27
57 53 73
19 95 1
90 37 82
31 9 91
81 38 43
6 45 79
33 70 76
70 57 74
0 39 48
81 4 75
82 65 54
14 10 10
7 72 10
41 35 64
29 75 87
56 82 23
83 88 33
13 15 75
27 5 38
64 96 55
33 34 86
76 9 32
83 12 56
32 27 27
43 41 16
0 20 25
46 69 58
19 78 93
10 37 85
60 52 78
1 81 66
82 28 71
81 58 33
50 95 41
13 15 91
22 89 58
74 86 76
54 6 54
35 35 60
53 5 47
79 91 11
53 6 61
50 82 26
70 91 100
46 65 73
97 58 73
7 68 97
100 97 2
3 40 45
77 23 24
54 53 91
76 27 10
61 11 97
54 31 99
33 61 4
96 55 72
84 58 8
76 58 19
19 32 69
61 29 41
100 74 54
43 72 63
29 35 24
85 85 71
51 82 15
85 33 65
44 27 57
62 17 79
25 69 7
83 83 38
19 77 72
42 8 52
55 71 19
50 36 93
76 86 17
86 75 33
15 74 4
14 84 31
17 79 13
64 16 62
60 100 78
45 58 69
38 4 40
43 86 20
14 30 25
87 78 17
75 56 53
80 70 89
44 31 91
11 30 40
48 21 33
44 88 41
52 79 95
31 8 81
72 68 30
90 76 61
16 88 96
7 84 22
0 71 40
25 47 39
40 5 31
23 5 33
28 58 46
32 60 75
82 45 77
48 59 23
54 93 10
93 24 72
33 69 55
78 56 13
87 63 13
36 98 30
94 7 87
54 84 77
81 16 88
57 98 14
1 90 31
47 25 9
58 86 97
70 72 24
29 94 95
98 39 27
44 5 97
24 8 15
21 1 14
47 27 41
70 35 40
16 15 64
53 61 85
82 35 76
73 94 6
90 63 36
37 56 98
78 3 72
10 86 69
5 19 45
100 98 41
77 83 58
87 81 48
28 89 30
100 33 89
52 22 97
20 60 5
94 29 22
21 28 21
100 27 67
2 93 86
84 71 12
15 27 85
67 45 63
46 71 15
55 98 32
14 98 61
54 83 44
95 20 58
70 88 73
30 17 52
61 58 61
19 87 86
39 5 87
24 98 37
41 98 74
34 99 40
0 54 4
19 57 99
38 73 58
16 81 80
82 77 39
30 74 67
76 85 40
6 33 77
37 87 64
48 38 28
10 87 38
91 10 57
83 15 78
67 68 52
23 100 5
19 7 99
27 23 72
27 97 67
84 79 48
45 4 63
51 57 31
35 16 42
21 81 30
91 61 19
72 36 27
17 37 79
62 46 8
44 95 98
92 7 98
8 88 1
79 6 30
58 90 100
96 74 56
22 42 25
28 16 5
57 66 7
82 94 57
36 65 62
52 79 8
55 93 15
87 22 56
52 90 42
59 30 79
7 95 21
59 75 48
72 40 83
34 29 29
30 5 55
52 96 17
70 25 2
44 60 67
87 5 14
30 83 16
70 29 55
35 45 55
64 76 28
6 10 20
24 64 84
3 31 48
25 24 95
20 14 88
44 4 23
8 20 80
91 77 4
10 33 33
73 81 87
5 20 37
2 42 20
8 78 93
71 28 11
59 82 94
31 37 19
66 19 66
90 24 63
12 39 71
79 31 94
39 68 89
39 68 98
79 13 6
36 87 6
16 11 38
50 27 13
15 81 30
66 30 100
16 96 54
56 22 38
99 41 62
1 55 20
36 54 38
9 100 8
55 71 46
13 99 9
29 36 86
0 57 27
23 17 75
7 55 65
3 82 67
32 67 10
21 53 4
47 53 21
32 14 83
42 13 34
38 42 11
7 33 36
73 100 14
28 62 38
20 39 43
35 97 48
67 83 21
37 59 59
51 61 95
11 73 54
2 64 93
85 93 63
38 87 35
1 12 64
59 72 79
22 61 99
78 92 39
73 66 59
84 5 4
5 74 9
62 90 75
68 45 5
34 66 96
7 79 5
95 95 17
60 34 72
2 86 38
53 66 72
98 13 29
54 73 68
7 56 41
100 1 1
57 52 31
25 60 20
60 2 68
25 93 2
4 79 33
59 22 76
43 99 74
92 4 28
36 69 53
14 72 37
12 59 63
16 20 69
58 18 38
78 71 68
74 35 91
84 93 54
70 67 75
16 5 23
23 76 96
91 54 60
79 37 2
13 69 20
5 47 66
0 34 29
57 10 21
20 46 39
39 42 75
82 32 14
31 11 66
90 16 86
78 31 43
12 9 17
27 56 28
83 81 21
91 2 11
18 75 8
92 3 36
63 74 95
40 67 34
88 55 34
88 17 100
81 40 43
54 72 3
91 77 63
23 34 79
59 31 96
72 9 77
47 32 85
84 18 41
23 36 86
36 86 34
90 98 72
49 11 58
34 92 25
20 28 98
34 98 65
52 36 12
100 35 40
98 28 93
49 78 52
63 18 95
99 60 89
8 64 34
79 26 26
69 18 21
7 84 93
58 16 65
97 44 64
100 60 84
53 48 96
37 62 67
68 31 60
2 9 3
52 33 14
25 40 82
84 48 1
6 36 66
69 74 98
13 21 19
79 74 13
12 88 91
90 77 46
83 56 97
68 82 88
70 100 38
18 61 15
24 81 77
34 16 89
51 36 99
12 65 66
8 13 21
12 55 55
99 62 71
65 83 43
24 57 9
49 60 88
13 62 69
99 91 5
23 65 87
58 85 42
74 86 67
88 5 55
81 64 71
100 39 9
19 67 40
28 9 52
84 38 75
88 7 40
6 56 93
75 33 74
55 58 79
31 57 62
98 57 37
14 12 58
100 66 13
81 38 96
4 84 60
97 88 98
77 97 48
95 33 26
88 40 84
55 84 13
72 98 89
45 54 78
32 74 85
75 63 74
26 57 61
49 2 81
17 42 4
30 94 18
88 56 9
84 30 23
15 40 98
84 69 3
46 26 68
78 21 43
1 28 70
100 70 91
34 10 100
3 19 75
59 96 91
27 86 68
96 28 17
8 58 1
52 68 11
66 22 24
21 57 20
53 48 15
93 21 57
77 83 32
88 17 98
4 17 11
10 5 43
6 90 18
78 23 25
89 42 1
73 60 73
41 5 75
87 37 36
3 96 47
61 6 25
51 32 31
100 55 38
67 48 15
97 40 88
84 24 17
61 53 3
15 70 53
19 90 69
64 70 73
93 28 75
23 3 100
59 83 100
86 15 32
88 64 68
56 44 57
90 78 19
38 36 53
30 41 28
2 77 57
84 79 64
9 10 84
4 47 1
25 25 97
95 85 18
95 53 33
82 24 95
34 78 21
52 56 84
93 8 68
20 73 83
4 87 25
20 41 6
47 66 45
81 53 85
71 28 4
58 63 62
97 81 53
58 20 22
95 44 79
97 16 13
52 10 20
25 65 34
57 92 78
3 8 88
6 23 99
54 98 4
84 79 77
99 3 95
61 18 70
39 81 80
39 62 100
10 36 76
82 47 30
69 96 28
61 85 22
23 21 97
35 8 16
15 81 62
65 39 45
67 77 35
66 90 100
30 15 68
70 16 5
49 42 78
92 31 9
84 95 42
92 40 17
83 25 47
31 43 35
37 43 86
87 28 17
76 10 62
41 20 71
97 69 86
57 64 92
57 75 37
85 55 91
27 23 13
45 62 57
100 47 93
63 73 6
28 11 21
27 69 53
63 5 13
7 21 17
91 88 3
13 46 10
33 17 14
15 29 66
34 85 73
13 55 55
60 98 27
4 45 66
39 85 37
8 7 32
42 93 80
85 86 56
19 38 41
10 33 21
63 47 47
77 65 16
8 44 91
99 26 64
87 70 20
10 9 17
5 47 9
33 84 61
20 94 40
25 18 17
44 62 13
11 99 92
100 45 18
100 91 95
50 42 68
16 39 79
54 70 59
71 75 75
76 21 60
37 77 96
30 25 5
41 85 26
49 79 11
46 74 16
78 28 94
16 35 59
10 67 92
67 14 93
35 55 63
80 66 44
44 7 12
44 71 96
22 20 89
10 72 100
16 43 68
80 94 17
66 16 67
73 91 41
17 81 100
55 36 81
17 31 57
6 74 32
84 74 99
80 74 70
93 94 28
28 88 81
11 97 8
73 6 68
32 77 66
32 68 96
12 25 45
6 53 79
35 9 73
34 92 69
91 35 47
25 43 2
87 93 35
55 37 9
80 22 42
58 20 9
42 7 15
66 68 37
96 23 79
56 91 37
57 38 52
97 70 4
76 84 67
80 2 41
61 55 7
23 35 44
14 78 60
0 92 67
52 20 71
14 65 87
49 34 10
20 71 63
65 88 97
89 80 48
40 76 92
13 94 70
48 62 3
32 96 39
66 15 25
78 84 95
28 75 45
78 53 78
97 40 45
0 44 99
7 29 86
93 54 6
17 75 28
71 81 41
30 60 84
10 22 75
34 26 6
71 76 48
17 52 13
15 48 19
85 85 34
7 78 53
15 87 67
1 42 57
85 70 9
25 43 87
2 67 55
76 7 28
11 10 80
22 64 65
67 88 33
47 71 80
86 14 22
79 12 10
12 24 3
39 94 64
38 15 17
2 72 59
83 53 23
7 38 80
96 23 25
38 6 39
7 83 47
11 72 92
30 9 85
55 2 71
19 13 36
2 35 88
12 98 95
25 63 58
42 33 8
38 4 1
2 94 46
11 99 88
97 61 94
57 27 68
47 74 14
57 76 70
56 84 29
25 85 66
46 54 18
59 30 95
91 48 60
88 27 3
16 97 9
29 16 45
16 86 48
37 24 17
72 96 80
100 76 79
46 60 87
44 52 32
56 56 52
24 29 11
79 29 41
83 21 71
95 52 21
63 75 34
18 95 60
10 55 27
52 27 39
60 81 83
6 37 12
92 80 87
30 57 67
46 83 61
67 60 11
22 45 39
100 31 11
10 32 14
91 25 16
39 43 22
100 91 18
40 29 19
38 68 94
97 48 53
72 15 93
5 66 37
47 27 8
8 67 44
85 71 33
20 46 23
35 64 17
23 7 39
38 91 22
69 96 3
92 82 14
93 6 84
19 32 19
74 24 4
20 73 91
67 54 42
19 61 77
15 19 12
49 22 17
19 25 7
10 22 55
18 82 44
48 69 67
43 89 76
95 82 27
57 71 100
55 77 36
66 96 69
44 35 57
83 62 4
78 12 26
82 98 10
2 57 53
72 53 57
74 35 78
31 80 31
87 57 12
77 46 98
100 28 10
85 73 70
10 34 82
21 80 63
33 36 11
29 42 62
65 18 82
86 23 47
94 54 91
16 20 13
6 74 68
1 97 39
1 87 21
71 75 25
36 32 85
96 100 18
17 73 94
93 85 66
2 76 15
17 89 70
93 26 48
1 69 27
52 39 2
14 36 81
27 65 77
15 72 4
88 93 40
67 73 45
3 98 22
33 29 79
14 19 22
45 12 15
20 60 75
72 21 28
23 66 83
92 38 94
2 98 62
7 29 92
48 64 69
44 26 6
88 98 54
12 3 26
87 20 40
5 21 40
51 65 58
93 5 46
93 73 82
66 69 9
90 67 82
70 87 37
77 18 99
100 37 76
1 94 5
98 87 25
56 92 59
89 41 20
29 2 60
79 46 84
86 41 9
75 97 39
51 16 84
49 86 5
1 73 59
22 41 17
64 20 30
40 32 40
23 24 41
91 5 25
11 92 53
46 59 25
28 95 98
26 54 1
81 14 29
89 48 39
68 76 65
84 98 25
46 100 80
79 94 60
57 28 81
53 77 48
32 43 54
91 2 82
34 29 37
77 88 1
79 6 20
87 66 72
100 54 94
0 10 42
99 95 91
87 21 91
90 93 62
68 6 13
34 38 11
12 7 78
48 39 20
30 29 57
66 96 69
61 11 61
17 46 54
60 57 42
89 21 73
38 92 85
75 91 13
17 2 33
54 69 77
78 13 34
55 48 15
31 9 89
100 84 72
7 13 7
56 43 8
5 92 68
51 66 33
16 54 82
31 20 6
54 7 5
70 35 42
93 91 57
53 86 23
53 28 74
57 61 15
43 44 59
15 100 82
25 17 18
96 46 9
29 21 89
9 67 98
99 99 99
56 57 34
33 58 9
15 14 85
93 68 55
5 98 52
73 4 82
67 3 26
76 82 99
29 72 80
72 69 8
45 24 72
54 47 14
76 77 73
6 54 76
38 20 36
10 34 81
0 68 90
61 30 32
17 24 45
55 68 37
60 81 24
90 47 68
44 52 32
19 8 1
17 8 18
95 85 81
63 4 15
94 24 53
23 89 93
16 10 4
50 69 97
48 86 21
91 24 30
31 9 97
94 30 5
30 64 33
71 35 27
39 72 57
99 35 58
84 63 8
34 9 32
8 100 13
96 2 72
37 17 62
13 9 38
67 43 16
75 18 15
9 76 39
76 70 22
65 89 98
4 11 83
100 31 47
41 32 82
98 29 77
34 44 71
74 13 7
67 5 11
91 96 80
2 36 39
42 73 40
80 80 99
4 64 27
21 84 62
65 42 19
79 100 64
34 14 7
13 45 52
42 65 78
28 81 52
84 63 23
65 69 32
43 48 99
75 31 59
56 48 75
27 39 58
31 11 98
59 19 85
65 48 46
89 11 13
50 66 61
69 44 38
21 26 87
13 64 42
