3 2
4 3
5 4
6 2
7 6
8 3
9 2
10 4
11 10
12 2
13 12
14 6
15 2
16 3
17 16
18 2
19 18
20 3
21 2
22 10
23 22
24 2
25 4
26 12
27 2
28 3
29 28
30 2
31 30
32 3
33 2
34 16
35 4
36 2
37 36
38 18
39 2
40 3
41 40
42 2
43 42
44 3
45 2
46 22
47 46
48 2
49 6
50 4
51 2
52 3
53 52
54 2
55 4
56 3
57 2
58 28
59 58
60 2
61 60
62 30
63 2
64 3
65 4
66 2
67 66
68 3
69 2
70 4
71 70
72 2
73 72
74 36
75 2
76 3
77 6
78 2
79 78
80 3
81 2
82 40
83 82
84 2
85 4
86 42
87 2
88 3
89 88
90 2
91 6
92 3
93 2
94 46
95 4
96 2
97 96
98 6
99 2
100 3
101 100
102 2
103 102
104 3
105 2
106 52
107 106
108 2
109 108
110 4
111 2
112 3
113 112
114 2
115 4
116 3
117 2
118 58
119 6
120 2
121 10
122 60
123 2
124 3
125 4
126 2
127 126
128 3
129 2
130 4
131 130
132 2
133 6
134 66
135 2
136 3
137 136
138 2
139 138
140 3
141 2
142 70
143 10
144 2
145 4
146 72
147 2
148 3
149 148
150 2
151 150
152 3
153 2
154 6
155 4
156 2
157 156
158 78
159 2
160 3
161 6
162 2
163 162
164 3
165 2
166 82
167 166
168 2
169 12
170 4
171 2
172 3
173 172
174 2
175 4
176 3
177 2
178 88
179 178
180 2
181 180
182 6
183 2
184 3
185 4
186 2
187 10
188 3
189 2
190 4
191 190
192 2
193 192
194 96
195 2
196 3
197 196
198 2
199 198
200 3
201 2
202 100
203 6
204 2
205 4
206 102
207 2
208 3
209 10
210 2
211 210
212 3
213 2
214 106
215 4
216 2
217 6
218 108
219 2
220 3
221 12
222 2
223 222
224 3
225 2
226 112
227 226
228 2
229 228
230 4
231 2
232 3
233 232
234 2
235 4
236 3
237 2
238 6
239 238
240 2
241 240
242 10
243 2
244 3
245 4
246 2
247 12
248 3
249 2
250 4
251 250
252 2
253 10
254 126
255 2
256 3
257 256
258 2
259 6
260 3
261 2
262 130
263 262
264 2
265 4
266 6
267 2
268 3
269 268
270 2
271 270
272 3
273 2
274 136
275 4
276 2
277 276
278 138
279 2
280 3
281 280
282 2
283 282
284 3
285 2
286 10
287 6
288 2
289 16
290 4
291 2
292 3
293 292
294 2
295 4
296 3
297 2
298 148
299 12
300 2
301 6
302 150
303 2
304 3
305 4
306 2
307 306
308 3
309 2
310 4
311 310
312 2
313 312
314 156
315 2
316 3
317 316
318 2
319 10
320 3
321 2
322 6
323 16
324 2
325 4
326 162
327 2
328 3
329 6
330 2
331 330
332 3
333 2
334 166
335 4
336 2
337 336
338 12
339 2
340 3
341 10
342 2
343 6
344 3
345 2
346 172
347 346
348 2
349 348
350 4
351 2
352 3
353 352
354 2
355 4
356 3
357 2
358 178
359 358
360 2
361 18
362 180
363 2
364 3
365 4
366 2
367 366
368 3
369 2
370 4
371 6
372 2
373 372
374 10
375 2
376 3
377 12
378 2
379 378
380 3
381 2
382 190
383 382
384 2
385 4
386 192
387 2
388 3
389 388
390 2
391 16
392 3
393 2
394 196
395 4
396 2
397 396
398 198
399 2
400 3
401 400
402 2
403 12
404 3
405 2
406 6
407 10
408 2
409 408
410 4
411 2
412 3
413 6
414 2
415 4
416 3
417 2
418 10
419 418
420 2
421 420
422 210
423 2
424 3
425 4
426 2
427 6
428 3
429 2
430 4
431 430
432 2
433 432
434 6
435 2
436 3
437 18
438 2
439 438
440 3
441 2
442 12
443 442
444 2
445 4
446 222
447 2
448 3
449 448
450 2
451 10
452 3
453 2
454 226
455 4
456 2
457 456
458 228
459 2
460 3
461 460
462 2
463 462
464 3
465 2
466 232
467 466
468 2
469 6
470 4
471 2
472 3
473 10
474 2
475 4
476 3
477 2
478 238
479 478
480 2
481 12
482 240
483 2
484 3
485 4
486 2
487 486
488 3
489 2
490 4
491 490
492 2
493 16
494 12
495 2
496 3
497 6
498 2
499 498
500 3
501 2
502 250
503 502
504 2
505 4
506 10
507 2
508 3
509 508
510 2
511 6
512 3
513 2
514 256
515 4
516 2
517 10
518 6
519 2
520 3
521 520
522 2
523 522
524 3
525 2
526 262
527 16
528 2
529 22
530 4
531 2
532 3
533 12
534 2
535 4
536 3
537 2
538 268
539 6
540 2
541 540
542 270
543 2
544 3
545 4
546 2
547 546
548 3
549 2
550 4
551 18
552 2
553 6
554 276
555 2
556 3
557 556
558 2
559 12
560 3
561 2
562 280
563 562
564 2
565 4
566 282
567 2
568 3
569 568
570 2
571 570
572 3
573 2
574 6
575 4
576 2
577 576
578 16
579 2
580 3
581 6
582 2
583 10
584 3
585 2
586 292
587 586
588 2
589 18
590 4
591 2
592 3
