2 0
3 2
4 3
5 4
6 2
7 6
8 3
9 2
10 4
11 10
12 2
13 12
14 6
15 2
16 3
17 16
18 2
19 18
20 3
21 2
22 10
23 22
24 2
25 4
26 12
27 2
28 3
29 28
30 2
31 30
32 3
33 2
34 16
35 4
36 2
37 36
38 18
39 2
40 3
41 40
42 2
43 42
44 3
45 2
46 22
47 46
48 2
49 6
50 4
51 2
52 3
53 52
54 2
55 4
56 3
57 2
58 28
59 58
60 2
61 60
62 30
63 2
64 3
65 4
66 2
67 66
68 3
69 2
70 4
71 70
72 2
73 72
74 36
75 2
76 3
77 6
78 2
79 78
80 3
81 2
82 40
83 82
84 2
85 4
86 42
87 2
88 3
89 88
90 2
91 6
92 3
93 2
94 46
95 4
96 2
97 96
98 6
99 2
100 3
101 100
102 2
103 102
104 3
105 2
106 52
107 106
108 2
109 108
110 4
111 2
112 3
113 112
114 2
115 4
116 3
117 2
118 58
119 6
120 2
121 10
122 60
123 2
124 3
125 4
126 2
127 126
128 3
129 2
130 4
131 130
132 2
133 6
134 66
135 2
136 3
137 136
138 2
139 138
140 3
141 2
142 70
143 10
144 2
145 4
146 72
147 2
148 3
149 148
150 2
151 150
152 3
153 2
154 6
155 4
156 2
157 156
158 78
159 2
160 3
161 6
162 2
163 162
164 3
165 2
166 82
167 166
168 2
169 12
170 4
171 2
172 3
173 172
174 2
175 4
176 3
177 2
178 88
179 178
180 2
181 180
182 6
183 2
184 3
185 4
186 2
187 10
188 3
189 2
190 4
191 190
192 2
193 192
194 96
195 2
196 3
197 196
198 2
199 198
200 3
201 2
202 100
203 6
204 2
205 4
206 102
207 2
208 3
209 10
210 2
211 210
212 3
213 2
214 106
215 4
216 2
217 6
218 108
219 2
220 3
221 12
222 2
223 222
224 3
225 2
226 112
227 226
228 2
229 228
230 4
231 2
232 3
233 232
234 2
235 4
236 3
237 2
238 6
239 238
240 2
241 240
242 10
243 2
244 3
245 4
246 2
247 12
248 3
249 2
250 4
251 250
252 2
253 10
254 126
255 2
256 3
257 256
258 2
259 6
260 3
261 2
262 130
263 262
264 2
265 4
266 6
267 2
268 3
269 268
270 2
271 270
272 3
273 2
274 136
275 4
276 2
277 276
278 138
279 2
280 3
281 280
282 2
283 282
284 3
285 2
286 10
287 6
288 2
289 16
290 4
291 2
292 3
293 292
294 2
295 4
296 3
297 2
298 148
299 12
300 2
301 6
302 150
303 2
304 3
305 4
306 2
307 306
308 3
309 2
310 4
311 310
312 2
313 312
314 156
315 2
316 3
317 316
318 2
319 10
320 3
321 2
322 6
323 16
324 2
325 4
326 162
327 2
328 3
329 6
330 2
331 330
332 3
333 2
334 166
335 4
336 2
337 336
338 12
339 2
340 3
341 10
342 2
343 6
344 3
345 2
346 172
347 346
348 2
349 348
350 4
351 2
352 3
353 352
354 2
355 4
356 3
357 2
358 178
359 358
360 2
361 18
362 180
363 2
364 3
365 4
366 2
367 366
368 3
369 2
370 4
371 6
372 2
373 372
374 10
375 2
376 3
377 12
378 2
379 378
380 3
381 2
382 190
383 382
384 2
385 4
386 192
387 2
388 3
389 388
390 2
391 16
392 3
393 2
394 196
395 4
396 2
397 396
398 198
399 2
400 3
401 400
402 2
403 12
404 3
405 2
406 6
407 10
408 2
409 408
410 4
411 2
412 3
413 6
414 2
415 4
416 3
417 2
418 10
419 418
420 2
421 420
422 210
423 2
424 3
425 4
426 2
427 6
428 3
429 2
430 4
431 430
432 2
433 432
434 6
435 2
436 3
437 18
438 2
439 438
440 3
441 2
442 12
443 442
444 2
445 4
446 222
447 2
448 3
449 448
450 2
451 10
452 3
453 2
454 226
455 4
456 2
457 456
458 228
459 2
460 3
461 460
462 2
463 462
464 3
465 2
466 232
467 466
468 2
469 6
470 4
471 2
472 3
473 10
474 2
475 4
476 3
477 2
478 238
479 478
480 2
481 12
482 240
483 2
484 3
485 4
486 2
487 486
488 3
489 2
490 4
491 490
492 2
493 16
494 12
495 2
496 3
497 6
498 2
499 498
500 3
501 2
502 250
503 502
504 2
505 4
506 10
507 2
508 3
509 508
510 2
511 6
512 3
513 2
514 256
515 4
516 2
517 10
518 6
519 2
520 3
521 520
522 2
523 522
524 3
525 2
526 262
527 16
528 2
529 22
530 4
531 2
532 3
533 12
534 2
535 4
536 3
537 2
538 268
539 6
540 2
541 540
542 270
543 2
544 3
545 4
546 2
547 546
548 3
549 2
550 4
551 18
552 2
553 6
554 276
555 2
556 3
557 556
558 2
559 12
560 3
561 2
562 280
563 562
564 2
565 4
566 282
567 2
568 3
569 568
570 2
571 570
572 3
573 2
574 6
575 4
576 2
577 576
578 16
579 2
580 3
581 6
582 2
583 10
584 3
585 2
586 292
587 586
588 2
589 18
590 4
591 2
592 3
593 592
594 2
595 4
596 3
597 2
598 12
599 598
600 2
601 600
602 6
603 2
604 3
605 4
606 2
607 606
608 3
609 2
610 4
611 12
612 2
613 612
614 306
615 2
616 3
617 616
618 2
619 618
620 3
621 2
622 310
623 6
624 2
625 4
626 312
627 2
628 3
629 16
630 2
631 630
632 3
633 2
634 316
635 4
636 2
637 6
638 10
639 2
640 3
641 640
642 2
643 642
644 3
645 2
646 16
647 646
648 2
649 10
650 4
651 2
652 3
653 652
654 2
655 4
656 3
657 2
658 6
659 658
660 2
661 660
662 330
663 2
664 3
665 4
666 2
667 22
668 3
669 2
670 4
671 10
672 2
673 672
674 336
675 2
676 3
677 676
678 2
679 6
680 3
681 2
682 10
683 682
684 2
685 4
686 6
687 2
688 3
689 12
690 2
691 690
692 3
693 2
694 346
695 4
696 2
697 16
698 348
699 2
700 3
701 700
702 2
703 18
704 3
705 2
706 352
707 6
708 2
709 708
710 4
711 2
712 3
713 22
714 2
715 4
716 3
717 2
718 358
719 718
720 2
721 6
722 18
723 2
724 3
725 4
726 2
727 726
728 3
729 2
730 4
731 16
732 2
733 732
734 366
735 2
736 3
737 10
738 2
739 738
740 3
741 2
742 6
743 742
744 2
745 4
746 372
747 2
748 3
749 6
750 2
751 750
752 3
753 2
754 12
755 4
756 2
757 756
758 378
759 2
760 3
761 760
762 2
763 6
764 3
765 2
766 382
767 12
768 2
769 768
770 4
771 2
772 3
773 772
774 2
775 4
776 3
777 2
778 388
779 18
780 2
781 10
782 16
783 2
784 3
785 4
786 2
787 786
788 3
789 2
790 4
791 6
792 2
793 12
794 396
795 2
796 3
797 796
798 2
799 16
800 3
801 2
802 400
803 10
804 2
805 4
806 12
807 2
808 3
809 808
810 2
811 810
812 3
813 2
814 10
815 4
816 2
817 18
818 408
819 2
820 3
821 820
822 2
823 822
824 3
825 2
826 6
827 826
828 2
829 828
830 4
831 2
832 3
833 6
834 2
835 4
836 3
837 2
838 418
839 838
840 2
841 28
842 420
843 2
844 3
845 4
846 2
847 6
848 3
849 2
850 4
851 22
852 2
853 852
854 6
855 2
856 3
857 856
858 2
859 858
860 3
861 2
862 430
863 862
864 2
865 4
866 432
867 2
868 3
869 10
870 2
871 12
872 3
873 2
874 18
875 4
876 2
877 876
878 438
879 2
880 3
881 880
882 2
883 882
884 3
885 2
886 442
887 886
888 2
889 6
890 4
891 2
892 3
893 18
894 2
895 4
896 3
897 2
898 448
899 28
900 2
901 16
902 10
903 2
904 3
905 4
906 2
907 906
908 3
909 2
910 4
911 910
912 2
913 10
914 456
915 2
916 3
917 6
918 2
919 918
920 3
921 2
922 460
923 12
924 2
925 4
926 462
927 2
928 3
929 928
930 2
931 6
932 3
933 2
934 466
935 4
936 2
937 936
938 6
939 2
940 3
941 940
942 2
943 22
944 3
945 2
946 10
947 946
948 2
949 12
950 4
951 2
952 3
953 952
954 2
955 4
956 3
957 2
958 478
959 6
960 2
961 30
962 12
963 2
964 3
965 4
966 2
967 966
968 3
969 2
970 4
971 970
972 2
973 6
974 486
975 2
976 3
977 976
978 2
979 10
980 3
981 2
982 490
983 982
984 2
985 4
986 16
987 2
988 3
989 22
990 2
991 990
992 3
993 2
994 6
995 4
996 2
997 996
998 498
999 2
1000 3
