500
9376 31423 60043 1319
44849 4326 51625 19768
34641 25931 81322 10161
31468 46851 34251 13447
36742 29591 22510 5507
11777 29538 89164 14294
35137 12915 15438 18170
37505 18086 65698 13911
48663 12346 79507 2415
18306 9681 97446 3135
12788 8023 33714 13082
5266 36619 55343 1451
31768 48266 50441 2951
40761 16085 40266 11004
43236 47118 56273 12018
5955 37748 94802 12749
45749 2351 15760 11188
39715 20696 45635 4977
29728 46723 27218 16917
47497 18921 13633 7943
19108 20854 17702 8985
28309 49185 48601 11592
30459 37335 11893 9134
19801 12534 12080 5485
12216 19585 12411 17042
40217 10304 52908 19011
12465 46968 94784 1238
40398 8646 2714 4552
47486 21135 137 10911
41734 32874 99254 14581
20656 35392 10125 7593
13366 46872 27486 7227
27082 47040 25393 6004
25376 3174 13822 1920
27603 6067 29679 4121
5748 39473 63688 3673
38154 45525 25886 19396
29291 49367 50951 7647
42384 46508 78761 18537
45806 11537 32790 18460
46089 42723 43361 1344
47779 32709 10060 15237
31034 40150 72216 1946
19264 4432 72628 12167
30172 31874 95912 12579
22413 25907 7653 13867
37919 272 67122 13376
12278 11312 56417 10987
41799 38206 99049 16624
18855 37797 16747 4941
10794 36433 46574 14013
38181 23373 33212 2885
14032 41135 97731 19009
16491 48978 60397 7188
6353 20855 61652 3003
9210 6761 48231 12789
47834 7657 70658 9321
16879 32798 44187 16972
11672 30116 4409 5902
49136 21557 91015 11023
22770 18353 90441 7571
48991 10861 25586 8135
42466 15020 64771 12030
19021 20002 8696 13925
32036 24593 52481 11176
48255 465 99759 14167
32574 6512 71217 7296
39772 1395 90004 8378
30070 32922 62424 6003
26517 2976 5243 5623
12511 9560 20260 8789
37187 27180 143 14464
8899 40044 63346 10271
35524 7526 17236 11697
49705 11668 57678 7721
21182 25282 23875 11057
41800 47900 76199 2302
19226 25035 44164 13936
6714 22394 85558 3308
45514 35496 92255 9160
25386 14301 98191 11683
9866 44302 94782 5638
34797 38330 52145 8163
40298 8864 45438 15280
19948 19214 48664 10768
41057 41840 35536 19759
42216 493 82898 2511
16395 13336 73857 5404
6420 19896 27562 5264
36404 36398 12144 9211
9151 36677 41885 14539
31891 41307 23971 2580
13230 39969 55627 15933
20439 37861 86199 12735
48261 24654 54829 10874
46533 21971 46017 19317
27551 32723 82199 15290
15231 29834 97833 6756
28137 33669 15099 17878
13101 16494 7486 7905
9971 14975 40125 3433
28160 3644 83320 19828
40470 31011 66854 5713
7041 49874 44618 8425
15798 43271 49529 8892
19414 32515 64918 13420
47456 27656 18075 2694
9053 40818 59289 3306
24669 47054 45032 13815
46655 3334 4730 3987
30477 49305 57056 9687
49366 32383 65833 1828
25917 22705 1719 14116
20078 28819 23683 9471
15801 41093 30031 18088
18703 2369 42004 5051
40769 20154 49365 17293
22409 23560 51695 11904
47896 41254 95655 17122
42590 23374 4766 9825
15255 43127 46463 19053
31987 501 14804 2857
48326 49040 8833 5792
33126 16461 6965 5096
33060 27542 97272 15318
31529 20664 30974 13246
26289 22620 70545 12300
40197 3138 23202 9980
46322 18857 88747 11546
33215 3942 20294 4263
41941 48588 70104 10529
23095 49096 15494 17094
33160 46759 52065 6213
47083 15588 11644 2873
32286 18434 56391 3930
38768 37756 62624 4706
7537 18356 14643 8977
8849 20520 4577 7893
40584 37489 63808 10921
37333 17162 34104 15817
49106 26645 53084 10039
44613 3580 52022 12174
25185 18452 57295 4825
38698 7874 12435 8398
24808 14228 49419 4020
38227 46579 12811 5566
35437 34265 57629 13459
19117 49353 8763 6707
41263 20638 66169 2585
11696 12232 59858 15440
36464 32991 96004 10451
40096 39095 65005 2444
43995 37302 85354 4136
38233 23480 51892 13486
13766 39999 54482 10490
35850 7834 55145 7851
9089 15833 84551 5165
38402 40540 69507 13067
33829 15238 39906 9053
13534 2261 74305 13321
21622 18402 10282 6033
12304 23172 70772 13209
47297 8980 85989 14940
8337 36486 96599 1418
18830 24817 65099 4144
41791 46221 5144 11628
6654 16921 41741 2699
42607 31300 69185 9840
11757 34026 10225 12099
6292 8021 55001 10509
18273 27322 86772 8963
13437 37264 33752 16886
39760 40280 57293 5558
47243 14326 50489 2694
11238 11434 64978 18488
37423 11054 80434 13502
19380 23845 41954 14570
24768 12556 73077 1619
8153 469 60598 17693
16547 6421 51116 17971
17301 1716 93759 16163
45600 23851 15185 16606
27168 16201 18421 2930
30715 33497 2329 5462
20455 28245 79852 4370
7297 49001 16519 9033
10079 48802 16981 8988
47742 47950 76748 14500
43743 25285 79111 14531
21733 12434 81089 9103
30274 15949 17042 10348
25823 39519 77666 12013
17954 14125 21486 8223
40962 2359 96216 19434
13838 45625 83849 9613
27467 31682 57853 2245
19900 46204 18727 17737
15260 39327 3405 16309
42895 35532 47759 6753
28654 29637 2133 19566
26345 4718 77996 3548
42583 47999 96379 18827
5954 46030 74963 14788
28461 10663 41542 15522
25847 6990 83110 3523
24457 12776 86044 14821
42355 46745 92376 14527
36517 27054 51480 7613
15809 13692 34551 15335
17062 43415 42371 19695
15110 8468 17155 1741
7769 340 56192 5792
40163 41393 33398 19507
7457 48687 7261 1794
6625 41405 60754 7136
18223 9313 49739 18615
41676 33681 47544 2866
10408 25186 46660 19466
33512 40690 53709 16524
26875 17362 50885 11099
15694 21771 97516 7935
34736 44555 39930 1193
29951 4909 12932 1313
11473 25610 7386 15791
44007 12511 6517 11115
48092 46138 64522 11417
16411 5198 2715 16012
49902 46195 34633 13398
29619 34819 45240 14417
37009 34066 37992 5037
48904 6416 43996 4751
38398 49971 47391 2434
31982 16531 59844 6764
31179 19445 53477 1303
26499 14950 1082 17859
18718 49317 68913 10469
11806 4083 39362 1742
32656 7189 23436 11811
43936 6115 42252 2180
9203 19615 7678 17307
28430 49164 78121 8250
35500 1198 47355 2009
32948 22439 72788 10995
20697 4656 76034 5677
11786 40863 59963 11258
28386 10647 85620 15462
43531 28848 31024 4397
35851 8625 19669 13142
45521 39544 71058 19545
41840 13974 92885 18458
28962 49432 72177 6498
44600 20162 21279 5017
48757 42278 99800 15801
6059 30914 61305 10322
37909 21577 20526 7782
13851 21281 11176 8648
39252 2575 89366 12789
17814 9178 47914 8839
22089 42515 40374 6114
9665 26091 32165 4349
25330 33953 79192 11311
7878 41145 84186 10564
11402 27415 59405 11522
31791 36835 90894 19836
49148 3197 91001 8186
8872 3028 41734 5259
15877 36818 10991 16280
45104 43748 44340 1470
34845 26472 90756 14232
11800 12941 52142 12983
11958 9941 69997 12815
23026 23750 67526 12751
21339 8135 76168 5932
21930 35072 87030 5250
49570 11423 97318 17673
19968 15245 47677 8591
49474 507 42479 16008
33420 42886 11526 17559
11613 10777 35626 16528
20656 38985 71114 19052
48222 42296 18459 18815
14497 33891 80302 3705
24276 36713 86694 4487
31270 10551 5891 17069
35253 4493 40800 12659
19151 10914 43028 10345
23275 7555 8785 14192
33710 13282 93869 3335
46898 15830 90972 12142
36945 37926 27137 16715
37711 47225 167 3495
39757 11309 13722 11019
20202 48967 35494 19100
9804 35574 23022 9240
7940 38499 44742 15461
18376 4710 54237 10973
22017 38780 62648 11695
29213 40654 66630 7492
8807 5559 64879 2052
25578 22317 43538 15998
48301 29471 30890 11657
38296 28900 12147 9985
12276 43938 51114 5777
10977 5366 79799 7153
36345 6962 46987 17060
41729 24799 10634 9785
43856 41753 31199 11420
25912 43398 44692 1457
29386 45519 84846 17796
27222 14629 9262 7095
39472 41091 36395 13385
40997 16074 61610 11904
27740 25226 83963 19179
20226 36107 91824 9894
27390 18279 7017 13218
16956 1792 90608 3024
40845 32754 37880 9578
18795 11638 16934 16959
34506 15778 73955 18033
25313 40436 37421 11093
20488 18603 17522 1086
21124 14083 74728 15957
44598 2536 5403 8178
17746 28217 31484 12208
36050 23594 24076 3160
38298 32637 82365 9988
7151 30801 97587 8717
47065 47489 72452 6172
16824 30671 52310 13514
42698 45189 43626 15309
48602 48523 9917 13807
39940 43937 99138 4812
36885 4681 96614 6824
19368 13185 29426 9114
32227 35021 17098 2233
31272 20266 32926 12602
44567 10121 48836 9227
41689 39598 11119 17151
10911 3606 84332 3702
39729 24910 44802 11296
42194 19462 14636 9311
12921 6270 86410 17806
40291 4772 49417 7009
35371 39463 24872 7018
45363 1091 92687 14677
10412 30507 30372 9377
37802 39923 52915 11588
37043 25888 39020 4681
46550 17423 64516 10081
32776 7839 95073 16019
31393 36648 75859 9985
27565 3149 68082 7969
9559 4783 91061 3396
32832 13618 75110 7399
43389 11619 72263 6131
38374 16038 41092 16859
45475 32268 33105 17409
43577 47253 15194 3318
35346 39463 9039 7053
15915 31390 9331 18914
41695 28512 80830 18652
8840 42514 7646 15539
5933 36375 308 11600
49607 7737 42062 3393
35582 6079 14975 7181
42833 42474 25778 1042
5875 26939 22720 6616
6184 7275 6676 1273
35742 5993 16128 15136
26681 47759 50878 18204
38663 36379 82870 19999
45970 29516 23578 17967
6444 9390 97504 16976
14180 2906 17232 11883
19790 10328 23272 9360
40425 2485 80427 6795
45954 4800 67573 13734
23990 44900 75781 11491
20997 36871 43069 2284
38890 26133 12010 19489
44391 24337 12593 14517
19765 30680 27078 14510
26257 24126 62819 4119
6082 22528 92583 4787
49886 22065 90804 4800
6980 32774 23658 4054
21053 6989 98358 6411
42804 2556 16666 14788
28868 39763 49178 1402
29929 20243 50787 1950
34470 19566 93932 19626
21901 20727 13681 10446
32718 33949 27167 10692
27295 14743 90965 4809
9617 25492 22654 7224
35091 28574 89472 18852
32064 26108 43693 7017
38635 38325 12406 17024
25075 40279 92517 7469
40057 30596 65939 6455
17526 16252 26500 7396
36194 42713 81588 4254
43519 38739 41622 16006
34612 20441 32265 8531
28389 5900 26245 15447
13088 3235 36053 3535
31066 49228 64061 1981
45200 17689 69596 1499
24554 19453 81426 17597
48577 34583 99566 1228
48577 43128 93639 19451
19314 49834 51380 6568
43592 4196 80756 15680
7339 27668 19708 10271
5953 38428 76156 16340
29318 49939 91673 4821
21438 31182 15137 3883
17577 31092 99055 12908
27485 43045 45694 4009
20682 46932 96901 13892
6014 43894 56240 2225
19545 10588 88856 19189
9106 5680 6188 10143
9752 3905 66329 8105
27430 43113 32608 13050
38582 25988 64729 4204
21326 741 84410 6478
11719 13493 28537 16957
31122 5064 33952 10844
39157 9691 67809 13980
17963 14740 67356 14593
35842 39375 96612 14572
28038 5511 89471 9958
25051 2236 11734 5984
20615 44205 47174 16724
35830 46822 65372 14471
47655 28814 35000 16517
17764 45726 41753 9713
38359 38998 39996 4328
20087 43414 38621 4761
44738 2433 8388 3891
22948 8258 37724 9203
9038 909 65017 8720
20714 7875 41893 3325
43939 18292 41986 3186
36217 38202 46774 1559
14825 38601 7100 8231
46052 26325 45591 16756
39974 15191 64686 7821
10206 23769 36603 4769
39814 22309 18815 16998
44920 32517 26637 13283
35392 18088 24135 19942
22705 5249 8970 5891
32671 4496 37082 11697
6316 36358 36632 18042
15878 22759 41972 7008
31973 48572 26853 15247
8538 18021 44592 9890
44819 21004 67675 2453
21140 40442 13169 11708
46167 12280 95047 1463
18260 1929 29342 4596
25820 43722 72979 4095
45166 40252 35043 7375
7244 47923 42248 13112
43120 30586 52029 11952
26128 3415 54394 15760
16538 3422 56522 6146
25656 34835 70531 14730
39188 31950 38019 10674
8775 9699 42859 14661
26162 28098 85986 1760
45464 20799 10636 1976
17891 36485 18432 19764
24499 275 10340 17480
41965 31710 79288 12674
15576 36649 84828 3421
44955 42072 43042 1904
10154 24975 96012 12371
19055 22427 20804 15933
35860 24470 16021 16996
32647 37920 90030 16618
42823 42668 18451 11144
14427 20842 65368 8442
15386 44929 48253 13726
28069 37311 93939 3274
39392 49898 39441 14082
10871 19716 7922 3315
22565 38990 17289 10319
14792 14005 70389 3341
46793 20333 72732 11324
44879 29664 89446 19820
8426 8017 36094 16625
9981 41451 64278 11629
45430 7414 93497 10272
49927 15374 86108 16534
39358 38044 60543 6366
23834 29579 83779 14139
8116 22968 61458 10841
