17284 -756 5487 30472 9419 -2765 5659 23202 15977 -4336
-10741 20104 28053 -5899 16389 27000 -684 11865 23977 -12324
28963 -14278 28204 30330 -15295 28500 -12442 26152 28936 -18109
14291 20064 -19451 21338 12511 -8408 19711 21315 25473 -16406
24346 -3512 8463 -746 23909 -4799 5504 4412 -3261 7695
-11975 32263 23996 8493 -3680 17062 -2791 14549 14632 32591
26409 -4507 31089 -9437 28801 32722 -10070 27602 31479 -20141
19276 15516 -2004 2724 20218 27927 7442 19225 -12363 30548
-12562 16188 27329 -3481 32397 -556 2828 12200 21709 31327
-8411 9540 14365 18499 754 -498 26238 2085 6524 -5629
-5275 27475 -8867 28860 30463 27773 -9567 22551 27526 -9057
1675 22856 -22289 31656 29758 22239 -2942 21258 -7000 14345
18904 -17081 23387 7441 13514 -6141 27773 15655 18266 -16411
-11259 20833 -9172 11132 -687 12543 20227 27659 6629 -755
11175 -4831 21099 -10401 18980 -4378 12775 17891 24696 -8209
14957 -2640 32367 29869 24657 -8126 21018 16913 -4666 25093
-4221 20348 -1912 17414 22152 -9585 18584 1516 5705 -5654
9781 -8370 25695 9435 4625 -2790 14770 4443 -3684 15020
32097 -2439 10099 -2309 27388 18177 -11109 23121 10484 -7110
5202 12307 -9039 12816 22686 -2037 32416 -891 5509 11276
-14135 19302 18422 22620 -16533 30876 -1957 22943 -14627 25140
30812 2370 -1571 17333 26001 -19121 27622 17534 -15422 28116
30271 -3685 22253 6873 17721 -14239 20498 11061 4613 -992
20126 5093 -54 16578 -209 17658 -3889 16747 14672 -8788
16350 -15722 25207 31150 17060 -5859 15344 -6619 16789 19436
-5765 28494 6885 5942 -562 18912 8097 -1008 8831 12238
-10909 30952 -7437 25089 -9135 32500 -22126 30099 17178 18064
28985 -9870 10573 12488 17246 18423 -7886 24409 -13752 29963
4209 -4115 16865 26568 -7117 18305 -586 6319 16368 -3788
-2187 3017 1618 18653 28151 28392 14344 25282 -21108 27951
29498 25427 -15754 23508 13527 7701 -5561 9253 10887 -3422
8720 -3785 24802 -6074 18939 21577 -8671 17550 -1885 5839
-6031 9211 16094 10541 -1803 28165 29319 18208 14251 -7413
-652 8918 23160 -1787 28776 27567 -1508 15128 22575 -12865
-6585 9531 5152 19870 -8016 15787 15994 -9689 31235 -18340
-1426 1990 31716 25413 -1569 26114 -12976 30378 -8162 11059
-254 12885 30813 -401 22460 13522 -8189 13222 9180 -4506
3433 2641 17483 -16185 25361 19473 -7203 12460 13063 16768
-5409 7693 13585 25374 -9817 16498 8956 -5200 13096 -1298
12083 -4009 22123 31657 -18832 26727 28142 -1054 9841 17729
-31272 32611 15375 14432 9765 -1950 10763 22699 -3011 29574
16202 -71 2081 10511 -4611 21598 13397 -841 24086 31264
22109 20357 7584 -7432 24152 9659 -4044 10849 17399 -8232
-8684 26120 22574 -13883 28360 15475 24367 -16050 18485 30194
-1688 23809 32490 12085 -3051 24051 23696 15119 -10048 18323
-1048 20857 -3638 8269 11345 12250 -9007 12625 26810 -3718
-9405 18488 29845 -3972 29015 15338 13372 -2708 13137 14527
24760 23152 -2315 6116 4496 -3923 32104 17921 -6367 10936
-25729 32024 26025 18532 28827 -21937 24687 22694 -4951 29492
30209 -20446 32553 20374 17556 28476 -23819 27191 7956 -2762
2675 24075 -23228 28845 29570 8953 -6883 21928 23934 32384
-3865 27361 -13698 26528 22386 -232 14196 25080 -802 23541
-312 5164 23882 -7537 26147 -7561 31762 26296 -5811 28396
17912 -6430 28797 -10975 24936 22320 -2662 20742 17036 -11068
20758 -14522 19301 30483 18346 -7923 12827 -4365 16553 19307
-8593 12878 9018 -4352 18493 6728 -4244 11610 18743 -2945
32181 19407 17295 -1430 5463 12163 25572 -24705 30240 18644
13362 11543 -8473 14837 7660 32468 11361 -3800 21067 -731
-3619 11346 3301 -2105 5061 14970 25729 23914 22882 -3666
-7722 10014 21883 22185 13954 -5181 19689 4159 5465 -4904
17174 -1323 8062 27714 -14957 23418 6869 26031 -22799 30489
-6314 21595 17864 -13045 23109 15934 20801 -13664 25535 29151
-16247 25527 12564 14103 17771 -14657 16760 32024 3868 -1371
27887 -10669 25010 21714 -14360 28100 11772 -2705 6729 17193
10012 27516 -27105 30612 12673 -8603 25306 26854 -15894 31355
31646 22192 26041 -25809 31772 27893 -22767 29025 -2842 27697
30678 23326 9677 -4761 9819 23187 13735 -10917 12460 18561
-14448 25292 21489 21450 -11928 21134 16183 20109 -17356 20664
-8364 22163 26055 32484 -4882 23786 15723 -11839 32622 -20687
15888 -399 18176 29138 -16156 28788 18808 -3380 21459 -4077
-7015 10900 21873 17439 -244 27594 21366 16210 -208 9236
-24130 29245 9068 27248 24545 20867 12905 -11080 30504 -5245
-3152 32084 -2305 20794 24707 -15805 31747 -6596 26483 -14206
-21062 32421 27412 23056 -5493 6826 13198 17222 18724 -3047
11318 -8310 22372 32251 21692 -10969 11157 10646 21157 -17204
28540 27960 -14076 28856 -7830 25403 19525 -18215 25515 -6419
-179 30777 29861 19413 16539 -5182 24739 19958 21799 -15876
-1098 31317 -6991 22011 -6235 22652 -9989 24727 -3723 22051
-9904 11254 12431 14838 -6876 30915 13686 -13209 13872 10842
16699 -11496 31136 16941 -667 16515 24804 -10854 25380 31114
13096 -5070 32143 -16549 19461 27373 20047 -6728 28848 -10355
21098 6709 1393 -214 2184 12354 14167 14141 -2121 12892
28203 -6045 9180 18380 -6818 23585 18382 -6585 13526 -464
-3359 27886 32503 20586 12699 -2270 24638 -6546 27239 -4069
-27683 29490 17627 -11473 27088 28956 -2447 14753 28629 -8685
21945 17293 26653 -21303 24246 4166 -4129 24799 5094 -2174
18779 5059 -4797 11179 19966 21408 -8471 28936 -7652 12340
-8652 14813 14280 -1439 14213 14593 29365 16399 -2510 29597
3006 -668 24684 16178 15344 13681 -2288 24798 27269 -16173
14988 -12763 20314 28041 -27686 27976 6564 20794 20651 -2860
28382 -4377 28070 -19640 22022 30849 -17 24012 25352 -17656
-9066 12221 13947 30482 -28426 29014 9611 10899 32179 -18460
-7734 14804 4968 11990 -7100 12392 21889 -7501 16208 20734
-18686 23889 24852 12937 2844 12540 -11588 14495 30758 -11835
-8625 27423 -13454 29577 32626 28951 19516 6654 -1238 13029
23590 2185 -925 26524 31265 -3194 10087 -4521 20214 23363
-108 11958 -5817 24959 9838 -7886 31574 819 2028 -1730
32109 12628 14745 -12748 24416 30858 23052 -13939 18090 27956
-23993 25262 1906 6316 22304 -13132 20063 19404 -3908 23187
-7343 31409 -607 6696 19075 -1470 5332 29743 -893 5092
-5221 30642 29069 25121 22950 11335 -2568 11335 -7601 24813
12539 -4863 22556 25144 9918 -8973 14632 23470 29644 -25046
-5179 26736 18129 -799 20113 -5917 30981 11287 -9774 25843
11449 26520 -25879 29751 14895 -12202 21697 -471 24239 -12361
-1482 24143 25047 -10088 16359 28105 9523 -1589 11806 29576
21006 14239 -6965 11398 6535 12309 21098 32092 15079 -10897
30820 -14179 17457 14038 28778 -14617 16635 31990 -8659 28102
-19325 23062 12733 28767 -13288 14965 -1282 21930 -12793 21675
-7784 24995 21709 -10799 11544 11295 9463 28956 -24402 30895
-11472 19253 19806 -17863 23310 28198 -4294 22303 29592 -8461
23490 16218 -665 13112 -9460 11494 -1491 20528 -15189 32291
-16439 21751 22128 24775 27570 -2703 30414 -129 15689 27067
10929 -2268 28520 19466 -2821 32359 18039 11792 -1171 13075
-17327 26359 16760 23004 31276 31031 -18133 32171 14915 24737
-6857 24443 1813 -418 1692 32699 -2660 7622 18749 22260
31398 29051 19951 -428 10072 24344 -15167 25482 -8085 19229
28217 -1467 9959 3516 13787 -13459 27741 -7577 25290 -8312
-14302 22479 32580 1532 -444 2355 17238 -8521 10380 7388
-6479 28866 14646 -5091 18036 -2791 32072 10855 3061 -2937
-17296 19924 21536 23519 5865 18533 -16341 23241 22357 -17896
10298 -10003 26956 -5570 26799 -4588 28500 20018 -1285 31799
16850 -13530 32746 9009 6432 -4219 30120 8277 -7647 18432
20240 -8317 21391 29374 8368 5705 -4445 15866 -2637 27588
32059 19371 -10893 30533 -15670 28290 31475 -14228 21252 26408
10256 -6990 21981 -1735 14840 22411 32397 23243 8436 -4541
-14790 17898 31350 24796 13498 10849 -8786 27072 6121 -2433
25642 -6862 25656 -15467 24874 19158 -9796 10776 32246 -16188
29685 7836 27873 -23894 26710 10155 10336 -2838 4516 6748
29118 -745 1445 9773 10257 7902 -4154 6471 2924 24331
-12344 14852 16470 -12077 22132 22959 -10107 12174 6941 -1163
23970 -1324 23887 29462 30687 29975 -228 8334 20490 -20251
16014 -10933 30063 27551 -14883 24274 -5575 16589 21303 -6136
29288 -21235 25584 21130 13752 -1065 25110 -6399 15591 -1845
5738 11747 -10718 31147 24121 -5918 20850 26969 -11056 28281
23006 18657 13682 -7006 7536 6056 -5096 23007 -9602 16623
-11992 13051 20908 30272 -16570 18972 32568 -2316 22855 -9187
17622 -1938 5842 18984 -5777 8450 -2523 28989 26114 -5347
30434 -627 4804 12722 27257 -12256 16168 9932 21405 30047
23849 11662 -6214 10967 -1954 19898 22589 -3009 31678 -16668
-21038 22500 18096 14958 -7934 29027 31653 -4986 14174 -7162
-1527 9854 30625 -16773 27556 22228 -5578 24514 5118 -3282
15850 -855 26276 -10480 18601 29719 22192 -12840 16418 30337
-11826 17315 9972 18057 -11742 32145 13717 -12188 21761 32089
-490 26078 26042 -8434 17685 -1206 31078 -6544 13199 22156
14684 -4484 7030 18897 -4059 26973 15656 14144 25920 -20564
-4624 23908 15740 -15335 30144 -13659 18886 -707 25920 -1241
17037 -7911 18598 20848 -7601 23303 31463 6414 29938 -28462
-1005 29639 -12457 20648 14570 -724 19126 14623 -14059 20700
15801 -10500 27568 -1907 29829 26929 8379 -7649 19921 20428
-15527 25892 -2097 19566 11963 -5432 10821 32644 -14527 16277
-15152 24822 -2830 19194 24396 -14855 26349 23657 -11549 30333
-15131 20850 20099 -4353 28330 -12213 16947 7880 19980 -11683
20839 -15987 20081 14468 -3541 28212 -6993 7102 27614 -3379
-8772 11604 19721 -3120 4378 9133 -3759 4457 31272 -30871
28920 5054 -4832 32139 27142 -12563 16549 -1331 14703 17398
26589 -17961 20465 31873 -12615 23298 24417 -130 14734 -907
-9957 22234 24351 -2898 20323 -8739 8760 31080 -27705 28310
-19266 28006 29743 -5931 19297 19886 18089 -1537 2889 10995
-4386 21505 -7251 31996 10453 -3007 32720 -7332 11453 5024
30877 7974 960 -834 6904 30359 -2856 26648 -3729 31668
2386 15701 -14052 17630 14506 -6924 13767 28259 32471 -24725
31807 14335 -9266 24114 23960 -7075 8061 16882 22709 -16756
-18898 19414 2980 29975 3801 3379 1397 -44 27966 -14167
27213 -3608 23394 15727 -7606 32008 25681 -19881 26425 16435
-4341 26005 17711 -14175 29065 -1489 25044 8102 23375 -18661
24221 -378 11910 24940 27084 16359 -14487 17269 21057 -11544
-1679 32040 -3475 18461 15313 -685 25695 -2027 16653 29001
-14560 22436 24428 -3530 7104 10265 7181 -550 9006 14990
26549 -7775 14385 -2237 30402 -8361 20028 28189 21857 -18639
-14594 30307 -3073 15059 5259 30025 -26632 29909 29576 -19343
15556 23605 -18404 32064 12452 -9724 14747 32055 27304 -7800
24527 20961 13334 5159 -4121 30533 -25199 27095 14365 -8769
7585 -5130 30049 -18710 22142 -1439 24415 5415 -365 20399
14296 -8701 26975 30902 30060 -11663 12037 20211 23656 -7616
18497 14865 -6623 32554 -5082 20486 -5372 24858 21875 -12604
27286 13019 -11710 28654 18181 -1592 25325 -1750 4660 23356
3433 8965 -8696 22844 31943 -17682 26272 -6424 26872 32118
-17870 25789 17343 18487 6021 -4078 15976 19396 31106 -20037
-22456 32544 27856 10868 -1568 31555 29079 -721 21045 31678
-5429 12050 30053 21149 -9871 13140 20706 21393 -1193 9315
-20707 31311 15221 8501 -4108 20531 25321 -1463 20266 21801
29780 15053 -5412 28621 -2546 18323 -2863 10449 15550 -2026
26944 13727 -5255 11312 -1735 5696 15942 26190 25498 -19069
31919 26616 -15663 25156 -1798 5680 -1039 27981 18996 -5644
17799 -3580 16410 -5818 23969 -13194 20773 31937 -1363 16224
29731 21129 -4341 6595 -85 8734 29432 31158 26053 -7217
-22230 25628 16345 -12384 26693 -9758 30249 31415 -6832 20172
24462 10870 -1255 27655 -7035 17940 9494 -3742 5521 28805
-8436 22967 26477 -5049 22076 8561 -3269 5221 20321 23751
-7603 29445 28798 28344 -848 32290 28811 -2724 23173 31184
29399 -14330 31006 24700 21682 -14608 18720 8420 -874 22866
-28253 32103 28282 -26271 27205 28799 27133 23024 -12799 14988
5481 29499 -27321 31955 6777 19607 16444 -1478 22635 -10400
-2499 12934 20332 -29 12557 -2470 24657 4832 -4017 29490
-13447 32750 14002 -12783 25165 -10464 21587 -485 8480 25737
11308 -27 8823 17625 21886 -16290 25265 29697 13252 -12244
-1612 27864 23946 14302 5975 -4734 25986 -11132 14122 27455
-14805 32004 6228 -698 3511 20646 21717 14146 -318 21746
-29838 30340 31604 -1178 14325 -11626 27307 13690 31501 -28480
24336 -6357 17558 -6166 13187 -4322 21888 28261 -14502 32647
