1
429
1430
14
742900
477638700
129644790
1
132
9694845
35357670
5
208012
742900
35357670
4862
132
14
14
208012
477638700
1
1430
16796
429
742900
1
35357670
429
132
1430
429
742900
742900
429
5
1430
2
14
16796
35357670
35357670
208012
42
132
42
742900
58786
1430
2674440
1767263190
5
58786
1430
208012
477638700
129644790
4862
58786
14
9694845
9694845
429
1430
1430
742900
16796
9694845
58786
16796
2
1430
5
742900
208012
4862
9694845
5
35357670
5
35357670
742900
132
429
1
2674440
2
129644790
14
208012
129644790
477638700
1430
14
132
208012
742900
208012
42
42

