513.13
438.16
610.73
528.98
1038.56
566.95
591.57
606.15
524.53
659.29
386.85
515.01
1575.27
697.00
465.92
561.68
499.12
966.73
590.65
486.00
361.40
782.28
583.63
608.59
516.77
1329.07
556.44
636.03
471.97
529.27
738.69
710.97
704.36
654.28
524.93
603.70
591.04
602.00
456.13
765.80
442.15
761.36
467.27
462.43
424.46
642.61
581.04
506.38
442.39
606.41
765.24
549.59
574.27
1230.38
499.61
472.17
477.47
565.76
526.39
825.58
492.67
499.01
521.08
751.22
539.80
515.63
514.99
629.00
204.83
469.32
461.11
1060.61
721.56
483.08
452.55
501.86
1193.79
490.08
556.67
516.17
464.31
487.86
530.83
455.69
783.01
461.66
885.58
545.83
481.41
530.00
683.42
493.96
446.56
559.86
554.15
514.41
449.16
1281.14
1042.95
476.97
