100
6 2947837
4 08001
1 01
1 89
6 0130001
1 01
5 111221
4 01201
6 2016001
6 0000007
3 0001
6 0080001
3 2112
6 0212011
6 1111211
6 9500001
6 0100001
6 4000011
4 16501
6 2111021
4 55836
6 1432061
6 0021201
6 1112111
5 010501
4 20201
5 111101
3 0001
6 5993593
5 006031
6 4050011
6 0000041
6 0000001
6 0203001
6 1000001
3 7261
6 1210201
4 11111
1 09
6 5412357
6 9000001
3 6081
6 6237547
6 0800041
6 7003001
6 0020001
5 990608
6 2985061
4 11111
1 09
5 110011
6 2040081
1 02
6 3400001
2 401
6 2040001
6 6081044
0 8
2 747
6 6000701
5 590871
6 1500401
4 11111
6 0080401
0 1
6 7000007
6 2202121
0 7
3 2031
6 0863001
6 0018001
5 000001
6 3400501
3 0081
6 7000031
6 0404002
6 0051091
6 0212211
6 9999999
1 21
6 1900001
6 8007001
4 02112
0 1
6 4855316
6 7900001
2 071
6 2111101
6 0000001
2 004
6 0000001
6 7258562
1 28
1 12
0 1
1 48
6 1111111
6 2113771
6 9020768
5 000001
