0
-1
-1
-1
-1
-1
6
-1
-1
-1
0
-1
-1
-1
-1
-1
6
-1
-1
-1
0
-1
-1
-1
-1
-1
6
-1
-1
-1
0
-1
-1
-1
-1
-1
6
-1
-1
-1
0
-1
-1
-1
-1
-1
6
-1
-1
-1
6
6
6
6
6
6
6
6
6
6
0
-1
-1
-1
-1
-1
6
-1
-1
-1
0
-1
-1
-1
-1
-1
6
-1
-1
-1
0
-1
-1
-1
-1
-1
6
-1
-1
-1
00
-1
12
-1
-1
-1
06
-1
18
-1
-1
-1
12
-1
-1
-1
-1
-1
18
-1
12
12
12
12
24
12
12
12
18
12
30
-1
12
-1
-1
-1
36
-1
18
-1
-1
-1
42
-1
-1
-1
-1
-1
48
-1
-1
-1
12
-1
54
-1
-1
-1
18
-1
60
-1
12
-1
-1
-1
66
-1
18
-1
-1
-1
72
-1
-1
-1
-1
-1
78
-1
18
18
18
18
84
18
18
18
18
18
90
-1
12
-1
-1
-1
96
-1
18
-1
00
-1
-1
-1
24
-1
06
-1
-1
-1
-1
-1
12
-1
24
-1
-1
-1
18
-1
-1
-1
-1
-1
24
-1
-1
-1
-1
-1
30
-1
-1
-1
24
-1
36
-1
-1
-1
24
24
42
24
24
24
24
24
48
24
-1
-1
-1
-1
54
-1
-1
-1
-1
-1
60
-1
-1
-1
24
-1
66
-1
-1
-1
-1
-1
72
-1
24
-1
-1
-1
78
-1
-1
-1
-1
-1
84
-1
-1
-1
-1
-1
90
-1
-1
-1
24
-1
96
-1
-1
-1
30
30
30
30
30
30
36
30
30
30
30
-1
12
-1
-1
-1
36
-1
18
-1
30
-1
-1
-1
24
-1
36
-1
-1
-1
30
-1
-1
-1
-1
-1
36
-1
-1
-1
30
-1
42
-1
-1
-1
36
-1
48
-1
30
-1
-1
-1
54
-1
36
-1
-1
-1
60
36
36
36
36
36
66
36
36
36
30
-1
72
-1
-1
-1
36
-1
78
-1
30
-1
-1
-1
84
-1
36
-1
-1
-1
90
-1
-1
-1
-1
-1
96
-1
-1
-1
00
-1
42
-1
-1
-1
06
-1
48
-1
-1
-1
42
-1
-1
-1
-1
-1
48
-1
42
42
42
42
42
42
42
42
48
42
30
-1
42
-1
-1
-1
36
-1
48
-1
-1
-1
42
-1
-1
-1
-1
-1
48
-1
-1
-1
42
-1
54
-1
-1
-1
48
-1
60
-1
42
-1
-1
-1
66
-1
48
-1
-1
-1
72
-1
-1
-1
-1
-1
78
-1
48
48
48
48
84
48
48
48
48
48
90
-1
42
-1
-1
-1
96
-1
48
-1
00
-1
-1
-1
54
-1
06
-1
-1
-1
-1
-1
12
-1
54
-1
-1
-1
18
-1
-1
-1
-1
-1
54
-1
-1
-1
-1
-1
30
-1
-1
-1
54
-1
36
-1
-1
-1
54
54
54
54
54
54
54
54
54
54
-1
-1
-1
-1
54
-1
-1
-1
-1
-1
60
-1
-1
-1
54
-1
66
-1
-1
-1
-1
-1
72
-1
54
-1
-1
-1
78
-1
-1
-1
-1
-1
84
-1
-1
-1
-1
-1
90
-1
-1
-1
54
-1
96
-1
-1
-1
60
60
60
60
60
60
66
60
60
60
60
-1
12
-1
-1
-1
66
-1
18
-1
60
-1
-1
-1
24
-1
66
-1
-1
-1
60
-1
-1
-1
-1
-1
66
-1
-1
-1
60
-1
42
-1
-1
-1
66
-1
48
-1
60
-1
-1
-1
54
-1
66
-1
-1
-1
66
66
66
66
66
66
66
66
66
66
60
-1
72
-1
-1
-1
66
-1
78
-1
60
-1
-1
-1
84
-1
66
-1
-1
-1
90
-1
-1
-1
-1
-1
96
-1
-1
-1
00
-1
72
-1
-1
-1
06
-1
78
-1
-1
-1
72
-1
-1
-1
-1
-1
78
-1
72
72
72
72
72
72
72
72
78
72
30
-1
72
-1
-1
-1
36
-1
78
-1
-1
-1
72
-1
-1
-1
-1
-1
78
-1
-1
-1
72
-1
54
-1
-1
-1
78
-1
60
-1
72
-1
-1
-1
66
-1
78
-1
-1
-1
72
-1
-1
-1
-1
-1
78
-1
78
78
78
78
84
78
78
78
78
78
90
-1
72
-1
-1
-1
96
-1
78
-1
00
-1
-1
-1
84
-1
06
-1
-1
-1
-1
-1
12
-1
84
-1
-1
-1
18
-1
-1
-1
-1
-1
84
-1
-1
-1
-1
-1
30
-1
-1
-1
84
-1
36
-1
-1
-1
84
84
84
84
84
84
84
84
84
84
-1
-1
-1
-1
84
-1
-1
-1
-1
-1
60
-1
-1
-1
84
-1
66
-1
-1
-1
-1
-1
72
-1
84
-1
-1
-1
78
-1
-1
-1
-1
-1
84
-1
-1
-1
-1
-1
90
-1
-1
-1
84
-1
96
-1
-1
-1
90
90
90
90
90
90
96
90
90
90
90
-1
12
-1
-1
-1
96
-1
18
-1
90
-1
-1
-1
24
-1
96
-1
-1
-1
90
-1
-1
-1
-1
-1
96
-1
-1
-1
90
-1
42
-1
-1
-1
96
-1
48
-1
90
-1
-1
-1
54
-1
96
-1
-1
-1
96
96
96
96
96
96
96
96
96
96
90
-1
72
-1
-1
-1
96
-1
78
-1
90
-1
-1
-1
84
-1
96
-1
-1
-1
90
-1
-1
-1
-1
-1
96
-1
-1
-1
000
-1
-1
-1
-1
-1
-1
-1
-1
-1
